-0.2147964,0.6885376,-0.3013424,0.8149724,0.8975103,0.07666051,-0.2477363,-0.8959107,-0.2991487,0.1196891,0.8866045,-0.4859983,0.1584419,0.71803,-0.5571158,-0.123407,-0.8873303,-0.1244193,0.5570118,-0.9903402,-0.2377535,0.3553369,0.1939987,0.5896678,0.269082,-0.8590267,0.6443274,-0.7744231,-0.658375,-0.5105166,0.04987776,-0.195917,-0.5434678,-0.1266655,0.6020596,0.9478688,0.5958762,-0.1960267,0.06074941,0.7404439,0.7036543,0.5479875,0.8542616,-0.1670579,0.1751267,-0.9909527,0.2491323,0.9536526,0.147911,0.4000947,-0.8293221,0.116793,-0.1387581,-0.957109,0.3621928,0.8992958,-0.5001757,0.3358383,0.4792001,-0.3390914,-0.1527454,-0.6951363,0.5784216,-0.896704,0.3838603,0.2584495,0.4141745,0.02817023,-0.04106557,0.4868974,0.8095331,-0.962178,0.3056593,-0.4819974,0.2719888,-0.3870314,-0.1194497,0.7475505,0.1192333,-0.6254079,-0.7478883,0.3246762,0.7815416,0.5105591,0.958952,-0.09998167,-0.5408506,-0.2399493,0.6614902,0.2032431,0.05241573,-0.6766322,-0.6028697,0.9034405,-0.08380258,-0.6570857,0.327518,-0.8533254,0.0421983,0.7840335,-0.417797,0.005126595,0.339112,-0.1745738,0.7535162,-0.9325907,-0.1093105,-0.2626024,0.9913745,-0.5489383,0.6719422,-0.9504359,0.1915511,0.9606586,-0.08103049,0.8731954,0.3909957,0.4100306,0.4994092,0.008610129,0.3427951,-0.4928411,-0.5095696,0.5821054,-0.138487,0.3140588,-0.7301824,-0.03357995,0.07650363,0.9178946,-0.9794891,-0.5938854,-0.9591603,-0.2741929,-0.5115948,0.8441682,-0.2951194,0.6444449,-0.356074,0.7922595,0.1780239,0.8046236,-0.9923971,0.9454277,-0.9458733,0.7985809,-0.7337499,-0.2748278,-0.0994271,0.009351134,0.05798304,0.2561686,-0.6478722,0.6745994,-0.3580085,-0.6622839,0.2860574,0.4834635,0.9048085,-0.6228485,-0.9330556,-0.7899344,0.706959,-0.4061867,0.8518438,0.7934678,-0.1655208,0.3594691,0.4858401,-0.7480755,0.8794992,0.5207076,-0.3928131,-0.6408381,-0.4965724,0.283235,0.8829887,-0.08444107,0.4767925,-0.6738307,0.4865534,-0.4081916,0.07070267,0.00951612,-0.6412303,0.8161738,0.7497129,0.3083715,0.7790141,-0.2433413,0.5546041,0.8389907,0.7211349,0.4888835,0.4726121,-0.03390753,-0.9745064,-0.6244519,-0.3645271,-0.07304442,-0.1881303,-0.2899727,-0.8575952,0.6414247,0.8207881,0.615392,0.03519905,0.07101452,0.5943305,0.315113,-0.02053607,-0.0828203,0.7507653,0.03686845,0.1474258,-0.5165169,0.1591898,-0.8320587,0.1576635,0.5693505,0.7865939,-0.008694053,-0.9947622,0.5259922,0.1211747,0.2250909,0.7348332,0.07541859,0.3480067,-0.761548,0.751138,0.4962098,-0.608377,0.4557917,-0.1968015,0.5124695,0.8064876,-0.8790362,-0.9208515,-0.6770816,-0.7850726,-0.2356559,0.9978485,0.6974487,0.8058519,-0.03000009,-0.1765858,-0.6478679,0.09230626,-0.356939,-0.004444003,-0.5104399,0.115883,-0.6009576,0.3707988,0.4520244,0.5562444,-0.3901552,-0.9545212,0.7979522,0.1363403,0.7607441,-0.5467284,-0.8700182,-0.3120354,-0.5565031,-0.6042919,0.3736789,-0.788064,-0.8368948,-0.4547662,-0.1986047,-0.2241358,-0.963613,0.4501354,0.7890983,-0.3398453,0.9075408,-0.7833657,-0.639035,-0.0519737,0.5591924,0.5826337,0.8981159,0.4709913,0.9474268,-0.7859278,0.02622092,-0.6216981,0.1321727,-0.1851679,0.7956553,0.495933,-0.9123802,-0.1327523,0.2480608,0.9928811,0.2003211,-0.2331511,-0.5709748,0.44877,-0.7137461,-0.2089099,-0.8927131,0.08396351,0.623286,0.3319266,-0.72084,0.05329144,0.9255655,-0.9392529,-0.3693427,-0.8568966,-0.1221677,-0.7341471,0.5793395,-0.2240893,0.03813684,-0.7647922,-0.2837874,-0.0603956,-0.09058201,-0.2352506,-0.8695285,0.6577253,0.7599788,0.191733,0.6857836,0.9623227,0.02631366,-0.6504061,-0.8077409,-0.4362944,0.1782864,0.8776431,0.9575486,-0.9379802,0.646183,0.5033102,-0.1170899,-0.2930404,0.8625255,-0.2881886,-0.2206489,-0.1154844,-0.09133875,0.2890527,-0.6216965,-0.5862999,-0.9165359,0.08126938,-0.278874,0.2668585,-0.09123099,0.3983123,0.5099597,0.9523239,0.6964998,-0.5895638,0.2101146,-0.8816226,-0.1878585,-0.1134597,0.05060709,-0.8307118,0.4585159,0.3710234,0.3921523,0.01603758,0.6530094,0.7827177,-0.8729119,0.6682484,-0.2491885,-0.9546926,-0.4704202,0.372086,-0.8853564,-0.3349508,-0.7199941,0.7955368,0.9933662,-0.5006416,0.9565003,0.4764664,0.6543972,0.1223103,-0.4485143,-0.1422778,-0.9329455,0.5263686,-0.4334108,-0.5860226,-0.4057344,-0.1020097,0.5229173,-0.09053433,0.5910659,-0.3948568,0.6378555,-0.8106675,0.8696237,-0.5287247,-0.5081022,0.04897249,0.1344272,-0.869056,-0.2605764,0.4805,0.9363024,0.3210456,-0.5964541,-0.6205511,0.1898223,0.5555108,0.5201433,0.7410741,-0.2911412,0.9553993,-0.9311204,0.7111564,0.6331816,-0.4454216,0.9687033,-0.1689688,-0.06809008,0.9413724,-0.8890903,0.2283841,0.8186007,0.880729,-0.5675468,0.4108205,-0.4083887,0.2101458,0.7600186,0.4917829,0.3648271,0.801316,0.7663908,0.673574,0.7947497,-0.7083516,-0.6887312,0.7177372,0.8717246,0.5046294,0.5759423,-0.9996474,-0.8864195,0.7561007,0.2774379,-0.7608879,0.1104051,-0.2495099,0.4509272,-0.8425233,0.341526,-0.5845211,0.7771339,-0.23656,-0.1886524,0.4987349,-0.1839823,0.9326565,-0.2894822,-0.8338902,0.779989,0.7353163,0.2801513,-0.740242,-0.423189,-0.1143056,-0.4597327,-0.4150311,-0.8952904,0.9044094,-0.7935388,-0.1572136,0.8945782,-0.5479846,0.4254651,0.1611661,-0.4410588,0.8790507,-0.5409951,-0.6695135,-0.8829365,-0.9263821,-0.1963059,-0.008623242,0.8301628,-0.6572025,-0.6171231,-0.04092991,-0.051772,-0.8984735,-0.7174642,-0.9852767,-0.6296411,0.08475053,0.8718145,0.08411324,-0.5937943,0.3412428,-0.8073113,-0.8810399,-0.8336284,-0.8388543,0.7537038,0.02493131,-0.05148351,-0.8231602,-0.2645348,0.240034,-0.9684708,0.2830233,-0.2295958,-0.1008798,-0.9112396,0.8191605,-0.4288832,-0.2015489,0.1383013,-0.5336816,-0.7899425,0.6034567,-0.4120294,0.4451537,-0.4970042,-0.8293912,0.1963352,0.9054489,0.2003888,0.5617237,-0.8019283,0.7470949,-0.9604578,0.08955944,0.02750599,0.4274754,0.0475632,0.9927211,0.1604804,-0.8122475,-0.2464732,0.6401455,-0.4197892,0.3213999,-0.209031,-0.383514,0.6884301,-0.6196997,0.3431055,0.05551922,0.615413,0.8155172,0.4491241,-0.9597428,-0.6815391,-0.3386534,0.3568723,-0.5812237,-0.9852514,-0.9218712,0.504261,-0.4198354,0.1939269,-0.219478,-0.3515507,0.191538,-0.2601882,0.2375926,-0.9529762,0.4965319,0.07005012,-0.4916822,-0.0694145,-0.2293538,0.5801368,0.561728,-0.5928931,-0.1755351,-0.1608304,0.967802,0.473937,0.8875456,-0.2448264,0.6165805,0.554852,-0.8116598,0.9886699,0.4611146,-0.9230154,0.2209662,0.3244826,-0.3405124,-0.6776321,0.3527937,-0.7710953,0.5290835,-0.2252923,-0.2383896,-0.6849256,-0.5234663,0.2115251,-0.1301609,0.8148777,0.2119821,0.2110239,0.1772133,0.8841579,0.4326455,0.92487,-0.2306765,-0.285216,0.4834408,0.5659575,-0.7103095,0.3256373,-0.2826287,-0.2304043,0.4183349,-0.03729975,-0.08194506,-0.08012998,-0.9829931,-0.4169754,-0.226565,0.7236819,0.3487677,-0.484074,-0.06993115,0.5356281,0.3904531,0.1420499,0.3276996,0.558218,-0.7099268,-0.1058375,-0.9080346,0.4187553,0.863173,-0.002776027,0.3237109,-0.5816922,-0.07567465,0.2329606,0.4109459,-0.7225246,-0.02085674,-0.6898129,0.3027091,-0.7520251,-0.7226548,0.7279804,-0.9238925,-0.9853227,0.7191908,-0.9903529,0.463731,-0.3029038,-0.9838743,0.1018358,-0.9107409,0.1819018,-0.6503971,0.5936506,-0.3029329,0.03056872,0.4838514,-0.1729871,-0.17405,0.8346364,-0.1141464,0.6119657,0.9499559,-0.08721554,-0.3053232,0.03065217,-0.6454935,0.7005668,0.5644169,-0.3488621,0.7955172,-0.3466409,0.9992068,-0.2740682,-0.5370252,0.5134945,-0.2683221,-0.726913,-0.33807,-0.1603166,0.1822459,-0.8892298,-0.01623499,0.796176,0.4308705,-0.2922956,0.2614925,-0.9004135,-0.4991728,0.04094946,0.9340639,-0.04749572,-0.6193094,0.104129,-0.3416406,-0.6268816,-0.9347858,0.7029519,0.5407503,-0.7880707,0.6172874,0.3629698,-0.5281055,0.7304616,-0.3930339,-0.1834458,-0.5897439,0.451672,-0.8735931,-0.5077083,0.5748739,0.8710675,0.3902194,0.3950565,0.2169875,0.8556652,-0.2205321,0.6166952,0.8926167,-0.1852556,0.4617891,-0.1826347,4.160404E-05,-0.7409115,0.5577307,-0.6778886,0.08822691,-0.4945675,0.1215974,-0.1646262,0.1913999,0.1417073,-0.6285026,0.3707862,0.9545734,0.5634921,-0.1388682,-0.8895841,-0.07718933,-0.1806821,0.5767598,0.4079833,-0.1494745,0.0137502,0.2992458,-0.6541073,0.6643915,-0.5937614,0.5236163,-0.3992447,0.8937254,-0.4654969,-0.1453913,-0.7065666,-0.7927072,-0.7264924,0.9113681,-0.2224883,0.8670399,0.8245342,-0.8808494,-0.7682116,0.6185687,0.2307826,-0.239849,-0.7546799,0.8827143,-0.9227881,-0.6506512,0.8589494,-0.701757,-0.7780485,0.2715976,-0.8265972,-0.773643,0.9806149,-0.7089522,0.3310632,-0.1769065,-0.8256133,-0.5132871,0.7712026,-0.6606052,0.08559954,0.3751683,-0.8204119,-0.1071175,0.39835,-0.09165776,-0.8007703,-0.2881926,0.1766692,-0.5006068,-0.6426532,0.8766363,-0.8188162,-0.2312385,-0.8556211,-0.1096832,-0.1153566,-0.5377562,0.7479229,-0.8928995,-0.5633466,0.01530063,-0.3660997,0.4596955,0.2820019,0.8611417,0.1588544,0.3810866,-0.9243276,0.5135813,0.9004445,-0.0807184,-0.7556353,0.0070647,-0.3722664,-0.1657418,-0.8711238,0.4994356,0.2393955,0.5979786,0.6267629,0.235267,-0.8898258,-0.3568102,0.1989447,0.6866322,0.2084752,0.7285886,0.5320289,-0.03579152,-0.8154202,0.7346742,-0.7261615,-0.04589903,0.9926162,0.41996,-0.5582297,0.5768075,0.08002293,-0.07271945,0.9767787,0.008642554,-0.5318792,0.2551341,0.3822007,0.6104646,0.2472874,0.8761983,0.5594249,-0.7751222,-0.8888443,0.02256405,0.4978847,-0.8339822,-0.7949126,-0.1165084,-0.7449718,0.3160569,0.04964554,0.7075007,0.9149845,-0.9135556,0.8618815,0.02545893,-0.7578154,-0.9173307,-0.1201566,-0.479201,-0.06432021,-0.564811,0.0867697,0.1015483,0.3646347,0.2705652,0.42788,0.4154105,-0.1287376,-0.6444545,0.4209003,-0.9648514,0.7632711,0.007996678,0.3049099,-0.690783,0.2707569,0.480251,-0.6518352,0.7095902,0.1398216,-0.8589339,0.5024629,-0.5068495,0.5637569,-0.9628866,-0.9651415,0.5293334,0.4141295,0.107982,-0.4617962,0.5880485,-0.1609327,0.08979285,-0.7959647,-0.9157174,0.2704184,0.6423686,-0.1293072,-0.8143234,0.6620867,0.5830209,0.170611,0.9857919,-0.7754781,0.8569226,0.3263039,-0.4992701,-0.9271429,0.1589299,-0.3319422,0.5798688,0.6232708,0.1721159,0.7774699,-0.4093293,0.3528268,0.3400142,-0.2747561,-0.8657861,-0.8776736,0.8368945,0.9724398,0.7367887,0.5274715,0.5429513,0.4935291,-0.8330989,-0.4588181,0.8241243,-0.93661,0.33374,0.3207133,-0.5516529,-0.3911058,0.05172956,0.8233759,-0.04961002,-0.5752032,-0.3902842,-0.3476437,0.9634719,-0.639014,0.7761405,-0.3519503,-0.0804435,-0.8947935,-0.1593686,0.1155936,-0.9324312,0.7046292,-0.1540571,0.3155546,0.7900414,-0.6155443,-0.4466251,0.7395318,-0.5791152,0.005570769,0.6349218,-0.6600084,0.6708627,-0.3264643,-0.6931469,-0.818779,0.5958693,-0.04871237,-0.5455806,-0.3459185,-0.0350951,-0.6301317,-0.5594747,-0.09546244,-0.4365958,-0.781188,-0.5121703,0.8968213,-0.3094934,-0.506953,0.9006128,0.5504177,-0.386844,-0.9614215,-0.489102,0.2338063,-0.6080897,-0.4348789,-0.009867311,0.07400453,0.3349001,-0.7477231,-0.5154324,-0.4147021,-0.06824648,-0.2686418,-0.05283463,0.7479029,0.07992399,-0.9371238,0.3683321,-0.8616345,-0.2164494,-0.9882402,0.1106819,-0.09675229,0.06925285,-0.1979026,-0.6657207,0.1096519,0.5748186,-0.4680601,-0.1880094,0.950181,0.847075,0.02706492,-0.2818695,-0.6140521,-0.5450602,-0.1756941,-0.9235516,-0.3720104,-0.5670719,-0.591608,-0.1455001,0.4668967,0.830678,0.4729771,-0.3616568,-0.3752602,-0.5237815,-0.5893199,0.5480917,-0.07866609,-0.566838,0.9000351,0.8446412,0.6640029,0.2337347,-0.1992811,0.678323,0.4866173,0.1132373,0.03165352,-0.04085577,-0.5890985,0.01544249,-0.1028463,-0.04250824,-0.7615011,0.4382689,-0.84148,-0.004325032,0.0218147,0.8364608,0.2977428,-0.1132067,0.3221047,0.1278828,0.8538754,-0.6157179,-0.5421751,0.485022,-0.5335798,0.7610924,-0.4199826,0.7466264,0.7571332,-0.009556174,0.9631636,0.4922013,-0.2442857,0.1163415,0.06021512,0.4739453,-0.9024868,-0.02338254,-0.11316,0.7595654,0.5324316,-0.8576608,0.2425874,0.3704455,0.2356714,0.1933197,-0.6195898,-0.889281,-0.3814195,-0.3873979,0.04809582,0.3143971,-0.3819014,0.8726573,0.4559786,-0.4978009,0.4922714,-0.6232111,0.265718,-0.8344185,0.3473367,0.7140362,0.3008048,0.906707,0.7921996,-0.6739631,0.2076219,-0.3206576,-0.3666295,-0.6492536,-0.6362629,0.8916588,0.9198596,-0.3634087,0.4623348,-0.506119,0.2815017,-0.6297383,-0.7581766,-0.6981499,-0.6983097,0.1810409,0.9687142,-0.1845142,0.823359,-0.2317976,0.2829032,-0.5490239,-0.08122265,-0.6738436,-0.3061799,0.73523,0.6314015,0.6745653,0.5974548,0.09577906,-0.1016997,-0.7063582,0.07772362,0.529319,0.8476818,-0.976866,0.3745589,-0.2564954,-0.05580986,-0.8843708,-0.6058021,0.2041167,-0.1897086,-0.6985972,-0.1340078,0.5754502,0.226432,0.423481,-0.7353847,0.1260015,0.61133,-0.5346715,0.09335124,0.6166117,-0.5077848,-0.8989339,0.01889789,-0.3971771,0.3473019,0.8521819,0.7533071,-0.7333972,-0.5443757,-0.310459,-0.4105924,-0.6324339,-0.9297023,0.8263867,0.07765567,-0.9471278,0.2256986,0.03675878,0.8086438,-0.8715,0.965807,0.4626839,-0.4498116,0.4929075,0.8817158,0.3700294,-0.2759959,-0.5616038,-0.05784738,0.4941797,-0.3944348,-0.8474431,-0.1245579,0.2732749,0.5727954,0.3684148,-0.6575243,-0.662828,-0.01638353,0.9267173,0.3135113,-0.07828081,-0.692733,-0.9006758,0.414458,-0.339914,-0.8145919,-0.7974503,0.3172784,-0.5328572,-0.9835529,-0.4800028,0.6782758,0.7485015,-0.3082892,-0.9444518,-0.4894916,0.656837,0.1755196,0.4935791,0.7294846,0.8121591,0.9601398,0.2253112,0.9551415,-0.2542547,0.4275818,-0.7138941,-0.9552932,0.9497676,0.8495178,-0.1472286,-0.6182001,-0.5002136,0.1377558,-0.5928807,-0.0663594,-0.9567051,0.5659282,0.1583484,0.9839163,0.3332059,0.7114263,-0.5547752,-0.3992234,-0.1945378,-0.5521123,0.268012,-0.5372653,0.2469758,0.9629133,-0.4584688,0.8405225,0.9724739,0.4077656,-0.2685426,-0.8073108,0.9597695,0.9418128,0.9563224,0.6946647,-0.305849,-0.3335637,-0.519474,-0.8063996,0.1425174,-0.4522673,-0.9324231,0.6518826,-0.951966,-0.3017346,0.148811,-0.8352544,0.897423,-0.2344967,0.9830954,0.674298,0.3720073,-0.9377677,0.8500466,-0.5695026,0.3950083,0.2672774,-0.1502854,-0.07550228,0.3209724,0.009364009,0.8287289,-0.974808,0.7341781,-0.1682421,0.9570146,0.3705318,-0.8763032,-0.1164991,0.4529824,0.05418241,-0.1642317,0.4791679,-0.4818116,-0.6890578,-0.6327534,-0.6988831,0.01411712,-0.8830967,-0.8243811,-0.9803038,0.7200222,0.9679601,-0.3027867,0.7338564,-0.5151479,-0.7049389,-0.6870866,0.2524273,0.2665538,0.8466418,-0.6290376,-0.7835581,0.8870301,-0.1418232,0.06076515,-0.1855503,-0.08853424,-0.9686646,-0.66868,-0.9550185,0.5482895,-0.1776007,-0.2979115,0.5679734,-0.7969866,0.8812048,-0.7357914,-0.7816517,-0.2023011,0.2559938,0.1258138,-0.556011,0.543293,-0.3607908,-0.8051722,0.8332126,0.4008603,-0.8473892,0.3907571,0.3275902,0.2681389,-0.3770622,-0.3457969,-0.7617991,-0.6882155,-0.3379492,-0.3531569,0.8494177,-0.9892442,-0.1266681,-0.6863978,0.9536033,0.8339989,-0.2225527,0.394201,0.1219598,-0.4261543,0.9505358,-0.02639592,0.7062402,0.7481084,0.7730498,-0.3934983,-0.1210562,0.1775526,0.3936195,0.9719543,0.4250915,0.7092969,-0.6733279,0.4918148,-0.8954282,0.05417311,0.7859211,0.1894463,-0.8771129,-0.7302895,-0.9427018,0.6252685,0.0803529,0.4996257,-0.9191635,0.06739128,-0.8886814,0.9776011,-0.3495973,0.4487562,-0.2950896,0.8740828,0.9286699,0.3762133,-0.4015461,-0.6788116,-0.6257832,0.830833,0.3384211,-0.8592317,-0.4344217,-0.4462763,0.1462094,0.8597651,-0.2507631,0.1257516,-0.1840259,0.1554087,0.6930461,-0.2816325,-0.08673418,0.2717781,0.5770602,0.706836,0.7722909,0.4393456,-0.1701862,0.5127323,0.8360622,0.5678144,-0.9698672,-0.6165888,-0.3798019,-0.6919827,-0.1299886,-0.5140736,0.7345443,0.4594669,0.5807462,0.8617327,-0.6647401,0.6696501,0.9195983,0.19794,-0.9410362,-0.3599168,-0.1158854,0.3258559,-0.5985811,-0.1924254,-0.3891629,-0.1039735,-0.2551655,-0.9111085,0.4545257,-0.8536451,0.7026298,0.1478955,-0.9213247,0.1521052,-0.795167,0.5691195,0.8131309,0.2460326,-0.04613721,0.1552967,0.04523289,-0.6230741,-0.7115288,0.4261658,0.1100801,0.5017252,-0.8848462,0.5555086,0.5298212,-0.9774795,0.6912875,0.2531094,0.1772543,-0.6573091,-0.4258326,-0.588131,-0.8105931,0.455292,-0.6471112,0.8225906,-0.1302046,0.8874457,-0.9033685,-0.6748757,-0.683284,-0.4224764,0.9704094,0.5331192,0.1011721,0.3930471,-0.8999372,0.8445132,-0.4818777,0.6264613,0.9172831,-0.4663717,0.6600053,0.8660803,0.4309573,-0.2484835,-0.4055208,-0.7618868,0.3379347,-0.39704,0.9138489,0.01293123,-0.00946939,-0.5335882,0.8320348,0.2997746,0.5014389,-0.0533272,0.7628689,
-0.2912005,-0.2402841,-0.6279733,-0.9488409,-0.4201807,-0.2546974,-0.7134006,-0.4033662,-0.9094646,0.945801,-0.4639467,-0.3458229,0.5928302,0.2229496,-0.8535166,0.1328214,0.01422846,-0.8713429,0.8511198,-0.4754499,-0.5227056,-0.6151576,-0.9903297,-0.08706677,-0.01905572,-0.8527429,-0.171024,0.8494174,-0.932858,-0.960124,-0.5269339,0.005288482,-0.8665142,-0.7442381,0.6809797,0.7584827,-0.4281691,0.8293846,-0.8278625,-0.3924876,0.6799166,-0.3225449,0.4765815,0.1641582,0.05306542,0.4005787,-0.5385821,0.4118166,-0.9977365,0.2481743,0.4254439,0.256387,-0.7291236,0.3636045,0.3629734,-0.6174839,-0.9407127,0.7057641,0.8390563,-0.8017447,-0.8391078,-0.9112325,-0.7542186,-0.6693127,-0.9929798,0.2002646,-0.6133337,-0.7962661,-0.7520404,-0.7677596,-0.934793,0.2366902,-0.2341546,-0.5310404,-0.7966316,0.1427461,-0.1798893,0.2593205,0.2250746,-0.6231835,0.9178512,-0.5857263,0.6084106,-0.4289247,-0.06047046,0.4223799,-0.132291,0.4480862,-0.7230539,-0.310788,-0.6850688,-0.5436773,0.659265,0.04019535,-0.9037566,-0.4911848,0.2027441,-0.1431977,-0.7270446,0.8863857,0.472773,-0.502876,0.2133006,0.6093354,-0.4428209,0.9212096,0.3050828,0.04998648,-0.6737368,0.9852543,-0.0586375,0.03138363,0.9313035,-0.1370353,-0.8202462,0.896302,-0.590904,-0.6578829,0.6217151,-0.2486931,0.1537627,0.8036509,-0.4383341,-0.3963999,-0.7357976,-0.7805939,0.1404709,-0.3991765,0.0681206,0.1485604,0.9854817,0.5778997,0.06568897,-0.4546067,0.2903065,-0.1311916,-0.2004861,0.06346405,0.006548285,-0.5406566,-0.7839315,-0.5591519,0.9231887,0.536597,-0.5748186,0.03079164,-0.4683393,-0.3468465,0.1431571,-0.3880578,0.8745081,0.8797076,0.9235492,-0.7243671,-0.913938,0.89621,-0.2567848,-0.5080683,0.151204,-0.4319633,-0.9099457,0.8281577,-0.7108176,-0.9987035,0.9035573,0.3826413,0.7166071,-0.5771365,-0.8169565,-0.7271047,-0.1683663,0.6361275,0.504982,-0.9938362,-0.07314312,-0.7529607,0.9705808,-0.8025763,0.7911434,-0.9141314,-0.9283917,0.1886181,0.1155783,0.5079472,-0.8988016,-0.8789127,-0.9885929,0.8749096,0.4226701,-0.8606853,-0.4822747,0.515465,-0.8060722,-0.07723892,0.2945614,0.2301921,-0.4295806,-0.6337297,0.9384484,0.8220077,-0.02044356,-0.2877892,-0.5576859,0.4734084,-0.2233061,0.9037485,0.732862,0.3523984,0.7485971,-0.8060863,-0.05591357,-0.3855482,0.1420738,0.9155977,-0.8537436,0.4823544,0.8881311,0.7947628,-0.2677218,0.5866542,-0.4291967,0.319443,-0.3549811,-0.6321104,0.9638803,0.1111602,0.6044166,0.6627531,-0.7801459,-0.7911122,-0.829952,-0.9542012,-0.7218771,0.3312485,0.49631,0.1522881,0.1910478,0.7376103,-0.9301372,0.1297637,0.850466,0.5795474,-0.9653635,-0.9884965,0.7205946,-0.6527443,-0.6364522,0.5434434,0.8437796,0.1008061,-0.2894901,-0.6678131,-0.3455249,0.3207497,-0.5016322,-0.5813749,-0.8001585,-0.90763,-0.2789944,0.27564,-0.3889297,0.7422812,-0.4998926,0.3814223,-0.1455628,-0.9905164,0.02588785,0.8292112,0.9949639,-0.9311051,0.03815949,0.9962258,-0.05455005,0.3600728,0.0551163,0.4052036,0.2315608,-0.7713511,0.04613316,0.959569,-0.3007702,0.6883798,-0.07996547,0.7060955,-0.0761112,-0.8918798,-0.2895242,-0.9547331,-0.2184795,-0.2633024,0.04370129,0.3316893,0.8718536,0.7905486,-0.3925368,0.2732033,-0.7478728,0.08341587,0.3513961,-0.5713146,-0.01447833,-0.4403399,0.4097204,0.7031608,-0.6659517,0.5986521,-0.3164595,0.9135399,0.2171084,0.0289737,0.08112061,0.5685797,0.8615341,-0.5583706,0.4852853,0.06041467,-0.3911251,-0.81391,-0.5772479,-0.8079884,-0.7608061,-0.5584764,-0.6661069,-0.1474155,-0.2955042,-0.5903296,0.8686471,-0.1437038,0.5856106,0.7396579,-0.6441724,-0.9198821,-0.2997364,0.7449265,-0.19021,-0.9874899,0.02786243,-0.2719165,0.5272017,0.206292,0.6487434,-0.0822593,-0.6600196,0.1743585,-0.9063165,0.765696,-0.9808638,-0.9907398,-0.9251595,-0.9767897,0.07278216,0.8092744,0.8806548,-0.6654897,-0.07977164,-0.8484402,-0.7520602,-0.4609033,-0.6118498,-0.4418002,0.4839978,0.7148159,-0.4784538,0.2719791,-0.1320058,0.4986009,-0.9025867,0.883713,-0.8601508,-0.8189397,0.1155838,0.9043868,0.8477807,0.4392836,0.6529124,-0.9988701,-0.5406859,-0.6937852,0.9209545,0.7727537,0.1254064,0.2654214,0.7442129,-0.09751809,-0.9696586,0.8417988,0.661118,-0.8412318,0.1977006,-0.6310194,-0.3546938,-0.8250248,0.6159084,0.8365798,-0.8262134,0.34345,0.2883706,-0.2122184,0.06258762,0.9186647,-0.09260285,-0.3974963,-0.3181499,-0.7824934,-0.6318612,0.7266464,0.2794211,-0.06540883,-0.7644849,0.3761098,0.4762175,0.1743344,-0.9254014,-0.6883883,-0.1591593,-0.7463381,-0.4516722,0.4214549,-0.6290369,-0.4742838,0.4109165,-0.9877806,-0.4705271,-0.07116854,-0.3338009,0.4848785,-0.7992699,-0.6124408,-0.3080913,-0.2864708,-0.9414656,-0.7226715,-0.08904684,-0.7071033,-0.3145009,0.7906787,-0.7593613,0.3385226,-0.2412854,0.4132592,0.6738503,-0.76158,-0.1766697,-0.599391,-0.7405519,-0.282643,-0.7358611,-0.5160129,0.9109173,0.8703852,0.402745,0.7941921,-0.6773415,-0.09578454,0.467426,-0.4041222,0.5727944,0.4988458,-0.750874,-0.6395745,0.7397411,-0.3104793,-0.9189439,0.4937036,0.2627544,0.07185185,-0.7178953,0.1508623,0.8921003,-0.9794536,0.7679985,-0.8727288,0.4968862,-0.9528606,-0.7976174,-0.4799148,0.08460224,-0.9001749,0.01039016,-0.5615029,0.02367008,0.6523063,-0.3618542,-0.1488787,0.2166559,-0.8600075,-0.6373188,-0.52197,-0.0173105,0.5809128,0.2419249,-0.3518888,-0.7570832,-0.5575132,0.182875,0.9081199,0.6758144,-0.0201937,0.6668742,-0.5758653,0.02050221,-0.8619044,0.2887363,0.3103432,-0.101863,0.06188643,-0.6306095,0.2046052,0.01716959,0.2899491,0.6843472,0.3102698,0.5419846,-0.5445452,-0.8465588,0.6750288,-0.3049179,0.9780965,-0.05331528,0.8049078,0.5999184,0.5043766,-0.835649,0.01946938,0.444817,0.285999,-0.5441749,-0.2147151,0.7712224,0.2477719,-0.3367325,0.8022563,-0.5535707,-0.03562224,-0.9816289,-0.9918759,-0.9846187,0.2074834,0.953088,-0.03888452,-0.09985626,0.8273916,-0.708658,-0.06449783,-0.592725,0.5992889,-0.593277,0.3628998,-0.7658422,-0.7819457,-0.002400517,0.3524718,0.05497682,-0.08463371,-0.6342032,0.3810315,-0.9847765,-0.1555818,0.8529944,-0.2478696,-0.8446877,-0.8278053,-0.001590371,0.4427292,-0.3639613,-0.9003198,0.06293166,-0.02622116,0.5722857,0.08766377,0.3501022,0.2132095,-0.5234575,-0.3199166,0.4985707,-0.2267121,0.8054349,0.874702,-0.2234858,0.2414495,0.1343242,0.2052661,-0.3300132,0.6577744,0.4789276,-0.1416463,0.2844784,-0.2679595,-0.8140824,0.8587949,0.2823658,0.3391542,0.7335672,0.7843404,-0.5341251,-0.6161046,0.2354096,-0.1125511,0.5418348,0.6292267,-0.3040661,0.6489453,0.272367,0.6493175,0.1178027,-0.1693968,-0.1201915,-0.1935128,-0.6539643,-0.5976934,0.7169855,0.01257265,-0.6283884,-0.5440974,-0.6240952,0.4237709,-0.2281629,0.02686918,0.8643198,0.8768928,-0.4012183,0.5032909,-0.1466838,0.1412104,-0.234624,0.106275,-0.2459894,-0.695663,0.4021644,0.428277,0.4086122,-0.6162093,0.3980202,-0.7798905,-0.5567749,0.7407396,0.6768239,-0.1903232,0.1562556,-0.5252593,-0.22798,0.5531485,-0.9906969,0.949476,0.1951257,-0.4687117,0.6896954,-0.2888261,0.3797726,0.6470141,0.7580099,-0.1119865,-0.5833127,-0.4673404,0.9086485,0.559025,-0.224382,0.6636639,-0.5736406,-0.1516012,0.7351174,-0.4224879,-0.404282,-0.03189576,0.01031268,-0.7827299,-0.3739372,-0.2707716,-0.4976002,-0.1420068,-0.5455329,0.04992855,-0.8502297,-0.1488863,-0.739749,-0.8205423,0.5305848,0.5598469,-0.5019419,-0.2499553,-0.4066089,0.4729287,0.2236513,0.2459947,0.95732,-0.3945311,0.03403246,0.7053013,0.8506479,0.6485126,0.7678175,0.4423444,0.5989134,-0.9227428,-0.5634615,0.913306,0.6830595,-0.4128081,0.7826486,-0.7132471,-0.5650394,0.8159983,-0.2775005,0.8505993,0.2837958,0.7686009,0.6048498,-0.5929377,-0.4986879,0.8637786,0.7809589,-0.4696404,0.993933,-0.8938587,-0.588855,-0.4318029,-0.7954941,0.5723383,-0.6172905,0.3401811,-0.641896,0.9096894,-0.7478182,-0.8876626,0.07706845,-0.630549,-0.4767438,0.2363256,-0.9792163,-0.2349964,0.9132736,0.3671057,0.5340645,0.7474928,0.1453973,0.418154,0.05519259,0.6997559,0.2992041,-0.070351,0.2780192,-0.5345666,0.5196466,0.3525986,-0.6364939,-0.8509173,0.3074338,0.9718025,0.2272526,-0.7292881,0.04127491,0.4362299,-0.8822458,-0.1158854,-0.6293702,0.575865,0.8097906,0.8731906,-0.9890869,0.9074194,-0.01717746,0.1126539,0.3202173,-0.2679771,-0.2235216,-0.5600324,0.561517,-0.7046585,0.3739984,0.4052996,-0.2088789,0.9452319,0.7194245,-0.2988502,-0.4059919,-0.8813205,-0.1989778,0.731638,-0.8979523,-0.8544087,0.1590446,-0.2070743,-0.3590034,-0.03521454,0.9213696,-0.5890229,0.326334,0.8170679,-0.7536566,0.7490864,-0.53162,0.6984961,0.7573724,-0.1826175,0.6011941,0.7859921,0.1297535,-0.7862172,-0.07371342,0.05512321,0.4919722,-0.05827606,0.8712053,-0.5195336,0.7133081,-0.1744353,0.7421319,0.8210578,-0.9568224,-0.3057269,0.728776,-0.8272953,0.9629827,-0.6513712,-0.3494784,0.5094688,0.5911565,-0.6404223,-0.1224002,0.7657247,-0.6561003,-0.1152991,-0.6006656,-0.7194486,0.8478007,-0.8115859,-0.7348862,0.5431709,-0.5302308,-0.5901177,0.4912188,-0.5986805,0.03363979,-0.5887661,-0.6094332,-0.2981454,-0.5068996,-0.5390224,-0.4772035,0.9454386,0.7465849,-0.8576791,0.1030496,-0.3597106,0.5669923,-0.6114521,-0.778549,-0.7305954,0.4394076,-0.9773767,0.5425138,-0.8661785,-0.1537548,0.9299517,-0.6663094,-0.6792305,-0.909723,-0.865238,-0.2803239,0.6292298,0.3496134,-0.561044,-0.3643159,0.2942257,0.2261721,0.134163,0.9150271,-0.9121518,-0.4736799,0.7157631,-0.2701989,0.6203911,-0.7731814,0.9399254,0.02939761,0.007519126,0.2930968,0.4503057,-0.8310001,0.01105917,0.9043171,0.7359133,-0.7969542,-0.8179936,-0.2560776,-0.4187783,-0.9749935,-0.2969147,-0.6283123,-0.3484343,-0.6987557,0.2676692,-0.2187628,0.08577931,-0.8008027,-0.1292447,-0.416973,-0.1599792,0.2926633,-0.6054389,0.4252267,-0.3987271,0.2755563,0.1489559,0.2735996,0.6881888,-0.408995,0.5272379,0.4974875,-0.02038324,-0.6259882,0.9665298,0.5743859,0.6034431,0.968116,-0.8996296,-0.6611402,0.4026866,0.962332,0.6771519,-0.7795315,0.1769062,0.6142004,-0.5323775,0.84025,-0.2477831,-0.1709322,-0.356239,0.03179038,0.144452,-0.2814406,-0.1023349,0.65219,0.0195173,-0.7019067,-0.3431262,0.5155826,0.1135799,0.4138105,0.5444605,-0.4326435,-0.04134309,-0.1125852,-0.5197184,-0.3487555,-0.5070403,-0.7653601,-0.2314771,0.6202517,0.5381384,0.1241597,-0.1900822,0.4929452,0.7630937,0.14389,-0.3766755,-0.6953044,0.7294483,-0.6707253,-0.8507779,-0.2643701,0.4928736,0.9488921,0.133164,-0.6183054,-0.4211413,-0.7790105,-0.7380257,0.01808536,0.7539792,0.8164649,0.5814612,0.7169564,0.5119741,0.629389,0.6400483,-0.8046474,0.2184535,-0.4195696,-0.6890764,0.2302173,-0.9066048,-0.3685762,0.7624874,-0.4071892,-0.2446276,0.4163997,0.911695,-0.9627912,0.1242646,0.1089975,-0.2625324,0.5365338,0.5224426,0.2988131,0.1148406,-0.6433954,0.2442905,-0.7795627,0.5820062,-0.8043435,-0.1594154,0.5336888,0.1051155,0.9469242,-0.5621624,0.223049,0.2472643,-0.05735624,0.510787,0.695271,0.2656474,0.5696723,-0.4783415,-0.9913371,0.5741076,-0.5763395,-0.7021263,0.923207,0.9898267,0.3301005,0.513658,0.3445573,-0.1889981,-0.04808414,0.7740982,0.1312007,-0.09766519,-0.04657972,0.9331357,-0.1310738,-0.2550906,-0.6396313,0.3901167,-0.2056524,0.3974311,-0.840796,-0.4692219,-0.9045796,0.9979489,0.8488338,-0.9142687,0.3641009,0.1128184,0.9347641,0.05714405,-0.1061801,0.5755413,0.6339681,-0.5188229,0.5499086,0.9202175,0.39713,-0.9812148,0.9442966,-0.289663,0.7031887,0.6184227,-0.7862201,0.8761148,-0.08362186,-0.5937061,-0.1203116,0.2136368,0.8378723,-0.4322425,0.9664986,0.5945153,-0.1639329,-0.07353508,0.2307216,0.8365383,-0.2688762,0.4995446,0.4982276,0.6389351,-0.07713783,-0.7077739,-0.8876956,-0.423093,0.003804326,0.7066817,0.08706844,-0.3994237,0.1842114,0.5374546,-0.249107,0.3048021,0.02685392,0.4474518,0.4363346,0.5423305,0.5183506,0.5417719,0.5202475,-0.009224057,0.1632377,0.5285354,0.3670556,0.07841218,-0.2762438,-0.6435869,0.3394069,-0.1269392,0.5503476,0.5900502,0.949966,0.2622032,-0.4547352,0.347929,-0.9389412,0.4709561,-0.4185859,-0.8324864,0.837383,0.6555653,-0.292533,-0.8141685,0.7155166,-0.7990026,0.4613454,0.673156,0.4038851,-0.541373,-0.5647027,-0.6649349,0.3379655,0.2440804,-0.8855727,-0.4281892,-0.6454127,0.1260144,0.9213595,-0.5562055,0.9958773,0.3441863,0.02769339,-0.8887722,-0.5041592,0.4525466,0.8061464,-0.7467761,-0.9060023,-0.7630112,-0.5895262,0.973192,0.6889338,-0.3437904,0.8159995,0.2571342,-0.04181349,0.6146977,0.255866,-0.7357025,0.4749572,-0.04200041,0.5021627,-0.5528262,0.01723397,-0.8675821,-0.5024867,0.1145781,-0.4813827,0.2709689,-0.731406,0.6558921,-0.737675,-0.5931034,-0.763973,0.5989265,0.7762287,0.1039928,0.02260125,0.1644098,0.6634583,0.7453685,-0.2510353,0.243507,-0.3529073,-0.8453398,-0.4995164,-0.09982955,-0.2777475,-0.7066152,-0.4042321,0.5213597,0.337415,0.4600274,0.2978813,0.4287893,-0.02540767,0.7778168,0.6323688,-0.170015,-0.4566995,0.4489357,0.111672,0.2612426,0.5397944,-0.5269468,0.5716636,-0.864135,0.5389433,-0.9451487,0.4257881,0.2950463,0.2541947,-0.7153089,0.34923,0.3628289,0.5752103,-0.1762608,-0.7245779,0.8616524,-0.01756465,0.5796139,0.1726903,0.6890926,0.1736501,-0.9369948,-0.8840947,0.4359238,-0.1104201,-0.2637349,-0.6273954,-0.7311254,0.6646094,0.6316488,0.217584,0.4159243,-0.2260033,-0.1713613,0.1937014,-0.4094099,-0.9225729,-0.933547,-0.843667,-0.339837,-0.02191079,0.9292469,-0.4910349,-0.1313063,0.733917,-0.6782639,0.5034463,0.3237345,0.4223356,0.0581311,-0.2482961,-0.6461403,-0.5609546,-0.955056,-0.02644837,0.2788405,0.6815119,0.7198822,-0.6430256,-0.6213276,-0.09864581,0.2442034,0.5853012,-0.8456864,0.7945783,-0.1625115,0.3003387,-0.898715,-0.5330489,0.5435705,0.7360535,0.4537646,0.4494314,-0.9937789,-0.2310089,0.08437526,0.9785559,-0.1245497,0.3525548,-0.5207126,0.8928819,-0.09081876,-0.04758465,0.6656301,-0.09883082,0.3437557,0.8914895,0.7779672,-0.6611953,0.2544291,-0.9592128,-0.7211969,0.3875105,0.4308083,0.5145605,-0.05831444,-0.7049391,0.1219779,0.2383355,0.4455344,-0.1904746,0.4667055,-0.6270163,0.02418983,-0.8358936,-0.8141022,-0.7204306,0.7086997,0.6107922,0.5754495,0.4168648,0.429635,0.5711689,0.887404,0.6726413,0.3639307,0.06108081,0.3951518,0.3314247,-0.3690635,0.820297,0.1327227,0.895529,-0.5856643,0.6341248,0.9360287,0.7823193,0.6083536,0.5590274,0.333657,0.5716465,-0.04057181,0.1979276,-0.4938358,0.123181,0.6117458,0.9745176,0.7552178,-0.02389777,0.3465225,-0.3435208,0.8983371,0.5899487,0.03515184,0.9461081,0.7287915,-0.5755577,-0.5187764,0.2118186,0.1379017,0.963388,0.6326561,0.542846,0.5036502,0.3830423,-0.6239269,-0.1749648,0.7222023,-0.7909439,0.9353237,-0.9715037,-0.03609598,-0.7475667,0.8636305,0.6651044,-0.2914387,-0.1221823,-0.5483229,0.5862951,0.4241259,0.4002211,-0.6794274,-0.5610809,-0.79282,-0.7705529,0.7512004,-0.6056051,-0.2583231,0.4877636,-0.8265302,0.05301249,0.8136456,-0.1727642,0.3385079,0.8406782,0.2276317,-0.8012378,0.09372461,0.3420078,-0.5546541,-0.1908461,0.6822965,0.1976899,0.9650159,-0.1943232,-0.57061,-0.3884369,-0.3579365,-0.124699,-0.8730075,0.600697,-0.2352055,0.1108512,0.2657084,-0.8808689,0.7103333,0.8281891,-0.5682905,0.4621322,-0.4782768,-0.4858114,-0.7678499,0.96136,-0.1390072,0.2606563,0.1767648,0.5133493,0.04257929,-0.5301819,-0.06398356,0.4638819,0.2962548,0.4524142,-0.8889103,0.6104953,0.4398429,-0.8519707,0.1134459,-0.3847567,0.05070937,-0.843585,-0.8346362,0.6703477,-0.2348253,-0.9474201,0.4046232,-0.07784188,0.2415763,-0.6471083,0.9345894,0.3097441,-0.4042138,0.8388953,-0.6879475,-0.01235092,0.01268232,-0.7082417,0.2150396,0.4031207,0.2097837,-0.4468094,-0.6129026,0.7171266,-0.7661684,-0.03498614,-0.7962086,-0.2091602,-0.4512116,-0.5448244,0.2063037,-0.6162698,0.5866747,-0.1720332,-0.6939752,-0.5667491,-0.08311808,-0.8302526,-0.3642448,0.3650543,-0.8871446,-0.699358,0.0009793043,0.203729,-0.3621548,-0.3157989,0.841233,-0.1971589,0.1360227,-0.8580923,-0.9765306,-0.9190466,0.2055732,0.5101328,0.6020849,-0.7908583,0.8856866,-0.237857,-0.1156758,0.1378523,0.8633857,-0.6862943,0.5988104,0.466485,-0.9411919,0.3103635,0.6051583,-0.6953347,-0.3793033,0.5345688,0.209751,0.7021041,0.04355061,-0.7834077,0.4986257,0.7763534,0.8228145,0.7615926,0.5325007,-0.4843663,0.9671695,0.01930654,-0.2413408,0.820792,0.3434143,0.4984493,-0.6589925,-0.752794,-0.02728975,-0.5719311,-0.5354793,-0.8726535,-0.971293,0.5988789,0.07103622,-0.2090987,-0.1897846,-0.2974139,-0.7010343,-0.8686728,-0.7606661,0.4124102,0.01225531,0.6932662,-0.3286809,0.9780331,-0.5138862,-0.5930598,0.6370797,-0.1902074,0.02050316,-0.03162777,-0.004811406,0.6556618,-0.1658503,0.9537113,-0.3862151,0.4144654,0.4138019,-0.2021052,-0.239869,0.7501018,0.97247,0.2833576,-0.3049918,-0.5726981,-0.2346228,-0.02883995,-0.7308893,0.5937223,0.2175587,-0.2323383,-0.2089132,0.9846745,-0.9589958,0.8426688,0.06580222,-0.2528614,0.4955721,-0.4514939,-0.3660225,-0.5614293,0.5749559,-0.7423623,-0.9690545,-0.8884301,0.2480637,0.4671895,0.03683913,-0.05766475,-0.5350499,0.5727432,0.35833,-0.3477987,0.5480099,-0.009122491,-0.4032766,-0.5842431,-0.5881438,0.5547919,-0.4973751,-0.602428,0.2693309,0.7407587,-0.08239019,-0.1367041,0.3749618,-0.8421717,-0.6687856,-0.4505771,0.4925704,0.2991287,-0.6425064,-0.8071063,-0.4758791,-0.1218849,-0.4980131,0.1296161,-0.114653,-0.2439603,0.9313433,0.574538,-0.6688504,0.3963427,-0.4853262,0.1049401,0.9837587,0.5611665,0.9903889,-0.4205707,-0.2259983,-0.8837159,-0.199186,-0.6541932,-0.4102665,0.3104422,0.5464718,0.9728408,0.9166019,0.008107305,0.9681146,0.7106669,0.4175896,0.8656402,-0.7037013,0.5819402,-0.8632197,-0.651829,0.8192434,0.3954634,0.8066165,-0.4307488,0.8249099,0.3370118,-0.424812,-0.1396178,-0.868372,0.1401058,0.9826257,0.966152,0.172299,0.9986815,-0.9708614,0.5740941,0.1144208,0.3234148,0.6608953,-0.2914256,0.7985716,-0.5395176,-0.6186409,-0.929095,-0.2973875,-0.2559692,-0.8170984,-0.4398891,-0.681174,-0.3015352,-0.1112627,0.07930982,0.7334702,0.9667914,0.8680544,0.563288,-0.6892018,-0.08659446,0.9919572,0.7208762,0.5092063,-0.3512708,-0.8963795,0.3639033,0.5037935,-0.560698,-0.2972461,-0.1291,0.5269535,0.07755911,0.2293013,-0.2287506,0.08643067,-0.7145712,-0.3881928,-0.06890857,-0.7939959,-0.6258695,-0.6951976,-0.4374541,0.5346987,-0.1739608,0.4040608,-0.9543273,0.476525,-0.89147,-0.4133085,0.9829981,0.979856,-0.8348181,-0.2730047,-0.6127176,0.7113993,-0.7000029,-0.492185,0.5922043,-0.2707518,-0.2947811,-0.05781019,0.5314057,0.5464811,-0.8971605,-0.03553355,0.3551063,-0.3104419,-0.4690775,0.1037487,-0.7276566,0.5271912,-0.9036722,0.5519185,0.2554702,0.4931776,-0.4670442,0.6281993,-0.9600987,0.2740445,0.6232963,-0.839241,0.504705,0.7317159,0.02024782,-0.3780147,0.3934691,-0.901093,-0.5472357,0.4725492,0.5614483,-0.008879304,0.4051745,0.4299614,-0.5350814,-0.6205528,0.5391636,0.8219159,0.7425096,0.4512295,0.3848009,0.1830715,0.6930077,-0.4379655,-0.4668256,-0.4633764,-0.2054864,-0.6291845,0.4898159,0.4019839,0.7025321,-0.9596558,0.6241481,0.2279819,0.3738751,0.6763215,0.2903738,-0.938509,-0.7321217,0.6021709,0.08830893,0.1553808,-0.1764156,-0.2317513,-0.2941052,-0.7018738,0.3106432,0.7152312,0.9476297,-0.6867423,0.18234,-0.03199637,-0.5682397,-0.9521055,-0.9831378,-0.3138703,0.7729821,-0.6989965,0.3494513,-0.8487549,-0.5282061,0.1212264,0.5541131,0.07268226,-0.6804252,-0.5847585,-0.3497797,0.4972179,-0.6419947,0.937115,-0.3343219,0.0283438,-0.1321174,-0.3700458,0.538249,0.7328384,0.2816298,0.8229427,0.6076355,0.7707865,0.6700344,-0.8006952,0.1973828,0.345818,0.3831069,0.2206951,-0.4588579,0.2383407,-0.5909078,-0.4238003,0.2949428,-0.9193928,0.8200636,-0.1862625,0.8598731,-0.9111953,-0.8482425,0.438519,-0.4627653,-0.0002874136,-0.2925106,-0.2092527,0.9642594,0.5997825,-0.176174,-0.4754828,-0.7483194,-0.005072713,0.2184931,-0.1043917,0.4737968,-0.7554159,-0.7876198,0.3408684,0.5257802,-0.295137,0.5735302,0.5150905,-0.09998858,0.5078251,-0.9562902,-0.7871206,0.6898727,0.06995046,0.4912851,0.8768342,0.7048011,-0.03972709,-0.7507985,-0.8032153,0.3515777,0.632865,-0.3178977,-0.3111807,-0.8097019,0.2189173,-0.1299809,-0.2537409,-0.4473184,-0.3134102,-0.5049443,-0.7662876,0.8348501,0.5238116,0.6989851,-0.7534883,-0.214573,0.1805097,0.5614152,-0.4878069,-0.5236843,0.8448651,0.1598974,-0.5965142,0.2471553,-0.131585,0.7604611,0.9657769,-0.5019484,0.7596076,0.1511608,-0.1523975,0.608161,-0.2305247,-0.824038,0.3563161,-0.8367074,0.6744442,-0.5659807,-0.2320763,-0.8084297,-0.09547722,0.7553761,0.2136329,-0.2124926,0.3078797,-0.7748382,-0.9808488,-0.05581796,-0.04175127,-0.8739057,0.7087612,0.01908362,0.527879,-0.03519809,0.6463938,-0.279092,0.2415174,0.8533185,0.6538985,-0.3822702,0.8459382,0.5249083,-0.05247819,-0.3229426,-0.7606449,0.3861768,-0.4121655,-0.9837086,0.09380472,-0.3169471,0.7854106,-0.3085188,-0.5991008,-0.506108,-0.6904013,-0.728296,-0.145784,-0.2575516,0.4284239,-0.9946926,0.8960974,0.7570503,-0.1512023,0.1416038,0.6434953,0.4473147,0.255049,-0.9318228,-0.5420928,-0.08105195,0.1653293,-0.2811912,-0.852211,-0.08919394,0.6273558,0.3000767,-0.7347078,-0.7664456,-0.7761827,0.6283877,0.08564675,-0.1252023,-0.7483304,0.2654023,0.4295549,0.5419438,0.2069758,-0.8488531,-0.9702406,-0.9619236,-0.1443979,-0.761992,-0.5182831,0.1576959,0.5253668,-0.464646,-0.3093144,0.6057332,-0.6556771,0.2199517,0.5031786,0.7035201,-0.7137794,0.0008789301,0.3123681,0.9833999,0.1896812,0.1113611,-0.7679753,-0.5092609,-0.5478406,0.716038,-0.4808432,-0.6306164,-0.2546386,0.008312583,0.4957931,0.8805997,-0.03181016,-0.7201874,-0.2139627,-0.4395229,0.9333107,-0.1321355,0.2801399,-0.566685,-0.1665086,-0.3429772,0.7695012,-0.6224508,0.05596054,0.3607049,-0.05182207,0.7175598,-0.9399257,-0.7744138,-0.8432896,0.09413683,-0.006095052,-0.7432418,0.6811323,0.7624631,-0.1639329,-0.6670585,-0.674268,0.6176825,-0.7295825,0.5499203,0.9122441,0.7283688,0.4541585,0.5689297,0.4354465,-0.5948744,0.1462094,0.7994249,0.6094503,0.9708238,-0.7569761,-0.6464508,0.009401917,-0.304175,-0.03331411,-0.2341434,-0.1427358,-0.1950535,0.7029724,-0.3661906,-0.135475,-0.3867999,0.1582037,0.03344381,0.140021,-0.9088838,0.2848541,0.7555571,-0.006065726,0.4567899,-0.1800421,-0.6898096,-0.7661633,-0.4816648,0.9943731,-0.1813666,-0.4168154,-0.295508,0.152331,-0.8018062,0.06097329,-0.3627719,0.1650504,-0.7426217,0.1956207,-0.4611048,-0.3308052,0.1075076,0.3577313,-0.5969727,-0.7071102,-0.9276242,0.3380179,0.06471074,-0.361636,0.03222501,0.004087806,-0.002332091,-0.1431912,0.1831464,-0.8528619,-0.8184083,0.4912159,-0.140361,-0.7731328,0.9597008,0.1473466,-0.7040517,0.4406545,-0.9212291,-0.7537889,-0.06700814,0.1755215,-0.5731299,0.983032,-0.7133343,0.3689451,-0.6882572,-0.06529367,0.8534818,-0.486128,-0.08921826,0.4602909,0.7090983,-0.0306865,0.9504983,0.3749172,0.3211779,-0.2315611,0.1106628,0.202655,-0.06643069,-0.6319435,-0.8477144,-0.9977956,-0.3665906,-0.2953266,-0.01298535,-0.1348177,0.305516,0.8910315,-0.4961289,-0.08508742,0.8387535,0.2604689,-0.6768887,0.4851243,0.1975418,-0.6526341,-0.9112003,-0.7162609,0.410572,-0.1276726,-0.7088614,-0.8902547,0.1457804,-0.2000171,-0.4817399,0.6578333,-0.3117901,-0.5651584,0.7639241,0.5591435,-0.122301,-0.8865476,-0.5636511,0.2898218,-0.5586908,0.5942769,0.3622484,-0.8123622,0.6722555,0.9166186,-0.2932481,0.8770788,0.3942079,-0.3648819,0.4767618,0.3312158,0.1491355,-0.6319652,-0.08026516,-0.2857956,-0.5343609,0.7454348,-0.0654062,0.4888463,0.728533,0.8399842,-0.08249867,-0.5947249,-0.8599751,-0.677314,-0.5661085,0.3995082,0.2271622,0.4159243,0.4600987,0.9217241,-0.5160189,0.05864108,0.9279029,0.3154492,0.9358964,0.4024563,0.519763,-0.4730088,0.5354269,0.3514204,0.4308107,0.126305,0.5073905,0.7570536,-0.7807472,-0.4237081,0.7425959,0.1803688,-0.8486915,-0.2211984,0.0002111197,-0.7285309,-0.00366199,-0.02319968,0.2497586,0.05999243,-0.6868207,0.87588,-0.07009947,-0.4691082,0.8224452,0.1622461,-0.2542483,-0.3884724,-0.7662113,0.4400875,0.04346073,-0.4771367,0.1034049,-0.8118215,0.4707813,0.3823821,-0.5980399,-0.3432564,0.3803661,0.003333211,0.6858916,-0.9346693,0.2943906,0.3121903,0.02153242,-0.606796,0.3801045,-0.8540776,0.4253304,0.6300592,0.8642626,0.2406348,0.2767577,0.1887363,0.9326336,-0.8941619,-0.6615064,-0.9087808,0.9881389,-0.3872372,0.895726,-0.2205015,-0.7795117,-0.6534684,-0.8887351,0.565767,-0.6934466,-0.2216603,0.5642629,0.3886246,0.6898484,0.1069247,0.3716814,0.857686,0.4588656,-0.505578,-0.4078404,0.387443,0.8332393,0.5497541,-0.1504983,-0.2583801,-0.139593,0.007645965,-0.5228519,0.1789364,-0.9372237,-0.8845253,-0.7037683,0.5604005,0.5117478,0.6522412,-0.3385333,0.7709787,0.9647291,0.3054356,-0.9608648,-0.7152159,0.177899,0.6614938,-0.3550235,0.5860748,-0.1773823,0.6234975,-0.2116894,0.8738811,0.4211738,-0.0337218,0.05351961,-0.659785,0.8881929,0.6264825,0.8787296,-0.7204111,-0.5128055,-0.6585734,-0.7227867,-0.2393805,-0.8532143,0.7976592,-0.5682847,0.2147268,0.8027763,-0.9111896,-0.4014574,-0.6878994,-0.8196929,0.2153465,-0.8362119,0.5463419,-0.4133154,-0.0444082,0.3691008,0.1199783,0.7110443,-0.3033353,0.3653762,0.5410852,-0.4585155,-0.3740605,0.8077066,-0.1341807,-0.379975,-0.1037432,0.2374808,-0.2012538,0.6500518,-0.8953607,0.372627,0.973722,0.7800574,-0.5610201,0.8942177,0.3397124,0.3502972,-0.7849069,0.8703172,-0.4298681,0.238279,0.4843509,-0.8496201,-0.8442912,0.1381906,-0.3547462,-0.5597534,-0.4772602,0.4416122,-0.721787,-0.155207,-0.8845191,0.6486268,0.8712702,0.4109759,0.27808,0.30283,0.1915332,0.965821,-0.05835688,0.8353159,-0.1043893,0.3889727,-0.568887,0.9950206,-0.9187574,-0.4173998,-0.4967333,-0.652267,-0.3233184,-0.1105171,0.1234325,-0.4736487,0.2299501,0.2391096,0.5430384,-0.2759813,-0.897589,-0.4458925,0.9180658,-0.4916815,-0.6904576,0.7549858,-0.8393018,0.7576461,0.1099511,-0.7835214,-0.3238071,-0.6950006,0.477051,-0.416895,0.06917489,0.5659206,0.1351799,-0.2816979,-0.1046766,-0.02342021,-0.1637651,0.2308825,-0.5529253,-0.2191344,-0.5216177,-0.6948404,-0.9680247,0.7437572,0.1553825,-0.3017892,0.4672603,-0.2656523,0.4609565,0.4862864,0.206792,-0.4065589,0.7388852,-0.5250776,-0.9086807,-0.04230106,-0.6396186,0.864774,-0.7546234,0.3600685,-0.3526219,-0.4654478,0.1745752,0.8321393,-0.9395697,0.4708588,-0.1270806,0.2391771,-0.4715418,0.347702,-0.01560247,0.8061194,0.4914314,-0.71789,0.1693679,0.8315642,-0.1025814,-0.4816209,-0.9072289,0.5489964,-0.5474751,0.2806296,0.2558446,-0.1005269,0.1572348,-0.8880529,0.7078528,0.08385861,0.4151797,-0.9413798,-0.5363712,0.8950086,0.3349836,0.8242886,0.05943525,-0.3788394,0.3529334,-0.4756552,0.8156555,-0.4907488,-0.713285,-0.4927014,0.9012773,-0.8183529,0.9130476,-0.0443598,-0.6603706,0.09167373,-0.01002753,0.2534642,0.4462485,0.3150844,-0.09047019,0.0007585287,-0.6631088,-0.889183,0.8805883,-0.7724726,0.6934221,0.4494695,0.5050247,0.6855168,0.6562073,0.9466558,-0.5672052,-0.02414429,0.632334,-0.442227,-0.9328392,-0.2743689,0.08465183,0.640913,-0.9869299,0.0452019,-0.4379376,0.5631173,-0.5030277,0.1781205,0.6215482,-0.279538,-0.3273474,-0.3039545,-0.4594768,-0.7856987,0.5549247,0.216421,-0.7389412,0.9571247,-0.8635793,-0.7130437,-0.6040883,0.7079976,-0.5260289,-0.8425188,-0.4917101,-0.727304,-0.08885348,0.1171993,0.438262,0.9251211,-0.3658048,-0.01820457,-0.8724892,0.04249918,-0.2100619,-0.2704848,0.4810297,-0.4512457,0.7900467,-0.4902862,0.9109108,0.7775538,0.005275369,-0.1684626,-0.58584,0.08965266,0.1950248,-0.06864345,-0.5884571,0.03503382,-0.5691388,0.8698418,0.687602,0.2180716,0.01913369,-0.7522306,0.5856287,-0.8839729,0.7142563,0.1960627,0.3417966,-0.9039741,0.4412186,-0.8238282,-0.09737742,-0.4837917,0.9285045,0.502687,0.2875452,0.5388703,-0.7038891,-0.9307749,0.0684787,-0.1435875,-0.4533063,0.634624,-0.1394113,-0.7944884,-0.8017049,-0.2772254,0.1484116,-0.6620445,-0.2190677,-0.7793934,0.3014702,-0.3517329,-0.411198,0.289921,0.3055935,-0.295854,0.1885244,0.7221014,0.1747559,-0.3546468,-0.7145622,-0.3218826,0.2726175,-0.9640315,-0.7990053,-0.9355814,0.1352144,-0.4694599,-0.873348,0.7034302,0.6497443,0.3608572,-0.1197492,0.9918301,0.5462651,0.5192554,-0.08009899,0.807802,0.8376353,-0.6979427,-0.9290824,-0.6876049,-0.4786247,0.6014009,-0.2361714,-0.8249993,-0.7875423,-0.5440173,-0.7970932,-0.2505382,-0.1331872,-0.6302412,-0.8702247,0.114163,0.7766669,-0.167766,0.02536976,0.4057493,0.4269132,-0.9109025,0.5587976,-0.2341553,-0.831537,0.558646,-0.971427,-0.683605,0.1952776,-0.976423,-0.9553571,0.4472427,-0.7636163,-0.008122325,0.9472528,-0.9953249,-0.2947236,0.02797592,0.04030478,-0.5400715,0.4382841,0.3993792,-0.1760675,-0.5720804,-0.6554163,-0.1041015,-0.01635492,0.5516951,-0.5863612,0.586688,0.4082715,0.4409573,0.3746431,-0.9431715,0.4707062,0.6660492,0.1089464,-0.8993449,0.5140252,-0.003525138,0.1155044,0.7274516,-0.8282743,0.605511,0.4400415,0.7763371,-0.3544437,0.874064,0.2854011,-0.2355591,-0.8464291,-0.420678,-0.7400186,0.9031682,-0.2049793,0.27726,0.7153206,-0.02932703,0.9639165,0.5735915,0.3955698,-0.2879921,-0.988692,0.6570168,-0.608784,-0.8363774,0.2058395,-0.1205872,-0.2814821,-0.8588078,0.8871615,-0.7874537,-0.4587086,0.2053522,0.7836049,0.8366346,-0.2337259,0.2131087,-0.5472188,0.001755357,-0.2427317,-0.9607952,-0.2130378,0.9992089,-0.8175099,-0.703052,-0.036744,-0.2987674,0.5062568,-0.5078559,0.7132702,0.4149828,0.4802656,0.8504341,-0.7306323,-0.2950584,0.8948247,-0.8793581,-0.6029508,0.01099098,0.1381356,0.2416347,0.1844786,-0.3660854,0.2190202,0.3750412,0.9385934,0.02878129,-0.8304017,-0.2500244,-0.6199429,0.1650156,0.06401885,-0.6329987,0.5141621,-0.6451173,0.7603784,0.9798069,0.5908835,-0.8446381,-0.161549,0.7565093,0.7439742,-0.126742,0.7398005,0.2923581,0.03984916,0.5449531,-0.381658,0.002754807,0.6733692,-0.8029857,0.9294465,-0.2125751,-0.2956103,0.8180552,-0.5423217,0.4445975,0.041731,-0.1207486,-0.5382559,0.4492988,-0.5592995,0.3715017,-0.007423043,0.006582141,-0.7749338,-0.5521159,-0.027372,0.3886752,-0.6816764,0.104143,-0.4834617,-0.7131615,-0.8406143,0.526597,0.2550089,-0.8621697,-0.06397927,0.0810765,0.6905115,0.2307683,0.1830622,0.9307537,0.1866361,0.3828761,0.8841162,-0.2526327,-0.613524,0.4325967,0.1816834,-0.5372896,0.8033569,0.1363577,0.3954012,-0.5332305,0.7358594,0.563926,-0.7985132,-0.07446158,-0.9050283,-0.9417477,0.9022398,-0.6656451,0.968111,-0.6596992,-0.3492609,0.6630754,0.3656511,0.6942933,-0.3527454,-0.9288349,0.3764465,-0.03050292,0.668087,0.2329522,-0.03731644,-0.1765436,-0.1190287,-0.1786352,0.6112757,0.4076256,0.8501992,-0.2227429,0.04953039,-0.06183398,0.7424283,-0.8931348,0.2090656,-0.581455,-0.4665185,-0.03486931,0.458555,-0.3394216,-0.9214604,0.5906916,-0.4268059,0.9413743,0.3946469,-0.06841695,0.4737529,0.5026069,-0.2108241,-0.8251164,-0.1546394,-0.4108912,-0.2766064,-0.2631406,0.2462977,0.1796016,0.3090558,0.564728,0.7197399,-0.6567316,-0.285082,0.3783269,-0.7985415,0.9020655,0.6777894,-0.3172408,-0.1878606,-0.3290411,0.4663415,0.332782,0.8269398,0.6289504,0.5443335,-0.1903914,-0.8341577,-0.5788291,0.7598855,-0.714165,0.1003357,-0.1544069,0.6402028,0.0008093119,-0.2911185,0.314018,-0.5560613,0.9265037,0.8724375,0.04163277,-0.5953283,0.0734421,0.1986591,-0.5403337,-0.4985327,0.9029953,-0.8245873,-0.8364089,0.2777185,-0.7538204,-0.4050862,0.1968778,0.6270578,-0.3333613,0.7661815,0.5490153,0.8261292,-0.2548631,-0.7669306,0.7443299,-0.1474265,-0.1324798,0.3023007,-0.8311589,-0.8601158,-0.984637,-0.615437,-0.7660849,0.3663578,-0.7205362,-0.1094562,0.9524148,-0.2043129,-0.6964364,0.6097143,-0.3547407,-0.6611362,-0.350171,-0.06669867,0.8500242,-0.3322564,-0.4718648,-0.5054469,0.3559961,0.1224111,-0.6329591,-0.8831348,0.737716,-0.2704891,0.6940386,-0.02335536,0.4550368,0.7250102,0.6825185,0.8884132,0.4672451,-0.9707534,-0.9703834,-0.9433663,0.6819298,0.9283211,-0.4558705,-0.6214631,0.4801216,-0.7639108,0.74716,0.8071899,-0.8612759,0.9254856,0.488152,-0.9485774,0.1310211,-0.2916306,-0.08113229,0.02789366,-0.3002259,0.7572715,0.908493,0.04681313,0.2426327,0.3227884,0.2285267,0.141152,-0.8101177,-0.382048,0.09419143,0.6807935,0.6145506,0.9175632,0.8984888,-0.1934046,-0.5418539,0.8050699,-0.1269921,-0.4291991,0.6396461,0.04116881,0.966747,-0.3260349,-0.2750629,0.3059685,0.8320048,0.6291366,0.8009198,0.4502845,-0.6015878,0.7404435,0.1543618,0.9740379,-0.5785363,0.4850905,0.4487586,-0.8643501,0.5473542,0.06748998,-0.4713489,-0.5001938,0.5226369,-0.6254153,0.8740888,0.2567291,-0.2502457,0.755173,0.5670743,0.1938714,0.0107249,-0.6460772,0.7312038,0.5333223,0.09435093,0.1951326,0.5612197,0.1757785,-0.02496827,-0.5429528,0.9413915,-0.7338481,-0.6459804,-0.5951128,0.4116628,0.9927237,0.6547115,-0.6610553,0.9771402,0.7017438,0.6418746,0.6033742,0.7283275,0.2066096,0.8631415,0.5058594,-0.8663745,0.8214347,-0.1322109,0.3543784,0.7149088,0.1601359,-0.217503,0.5487375,0.7924447,0.2253736,-0.6867826,-0.1551853,-0.1995605,-0.1210502,0.1812297,0.6666648,0.8088543,0.2120808,0.6348631,0.5964229,-0.1870686,-0.5294836,-0.9210024,-0.8785834,-0.4408447,0.2606597,-0.8410506,-0.3967925,0.08201277,0.8761976,0.7827342,-0.8918743,-0.2502435,-0.3138548,0.168928,0.558234,-0.9060595,-0.8519926,-0.8089099,-0.1567944,-0.4058186,0.8128355,-0.32893,0.612293,-0.3182918,-0.341884,-0.07482398,-0.4768132,-0.1380297,-0.7583485,0.09983957,-0.3154703,0.4485819,0.4090471,-0.1219784,-0.2949706,-0.1438855,0.7152452,-0.5578802,0.5000119,-0.5142889,0.6960864,0.2268728,-0.8987422,0.9206746,-0.8587596,0.5989676,0.4993539,-0.8637092,0.9347641,0.7347953,0.6299546,-0.4717418,0.8144398,0.5746715,-0.9291849,-0.5971894,0.03102171,-0.9652786,0.3844232,0.03644145,0.1963691,-0.3914315,0.1318692,-0.2553257,-0.01552331,-0.4214073,0.2887101,-0.2369074,0.3941748,0.5142753,0.03664839,0.9149232,0.4130792,-0.215865,0.006389499,0.04912555,0.01411927,-0.3258208,0.6905437,0.3760464,0.1835927,0.4151575,0.3470785,-0.5972214,0.1107656,0.5828302,0.9272547,0.09580147,-0.1545454,0.4994373,-0.7882099,0.3922662,-0.2714878,0.7844684,0.4698426,-0.4278461,-0.4488872,0.788167,-0.8355606,0.3529832,-0.005271792,-0.3569578,-0.7050717,-0.6380808,-0.4220077,-0.3432013,0.9642937,-0.419824,-0.2097818,0.7192698,0.7034578,0.1849028,-0.983156,-0.7228324,-0.05530775,-0.767658,0.9228225,0.3551459,-0.6651394,0.8795419,-0.2987167,0.09185946,-0.8800764,0.8455336,0.8880186,-0.0644635,0.5569832,-0.7114406,0.8147817,-0.7028725,-0.9296076,-0.7452209,0.7695134,0.6019218,-0.3533593,-0.6768785,0.7928603,0.1560112,-0.1125761,-0.4731127,-0.9099197,-0.4499251,-0.7909927,-0.6865838,0.8488669,-0.1481291,0.006468892,0.5565815,-0.2729372,0.3122217,0.7569487,-0.6276739,0.150745,0.8870955,-0.7559485,0.780396,-0.5576203,0.7123344,-0.5355158,0.1978272,0.8762116,0.05930078,0.5911171,-0.1891047,0.8246858,0.8379197,0.8026984,0.1658195,-0.06017148,0.5104656,-0.2396175,-0.2910749,-0.5723255,0.3434539,-0.6106145,-0.01766837,-0.4177381,0.2750289,-0.3560835,-0.5542574,0.9496319,0.8803608,-0.9517298,-0.8701057,-0.1720647,-0.4167541,0.5012283,0.7006314,-0.3465294,0.4933667,-0.8555532,-0.3574382,0.3883662,-0.3661739,0.04988325,0.8380382,0.4543297,0.5302477,0.8089163,-0.6122873,-0.1345743,-0.2175237,-0.1041232,-0.4335722,-0.5072346,-0.3251287,-0.8024864,0.6809762,-0.1713964,-0.5134335,-0.3727854,-0.874099,-0.5198829,0.4273994,-0.1367716,0.2158638,-0.2679387,0.6102061,0.6712675,-0.2140981,0.6367617,0.245766,-0.6582046,-0.6888514,0.4350249,0.8037448,0.8845716,-0.4864777,-0.4775633,0.009345174,0.8442438,0.3354451,-0.8267236,-0.5954082,-0.3528787,-0.2339276,-0.7644298,-6.997585E-05,0.1255816,0.9870594,-0.4602784,-0.290166,0.4570503,-0.8106837,-0.3430589,-0.9385686,0.04043925,0.09210551,-0.2100695,0.5293183,-0.4694608,-0.4288057,-0.1935598,-0.05060017,0.5926003,-0.3247226,-0.869755,0.0006152391,-0.06045353,-0.164246,0.5543094,-0.4480761,0.2881407,-0.6769118,0.6885233,0.4726076,0.1197401,0.3550479,0.04326546,-0.7770636,0.6939609,0.9930658,0.1767548,-0.02325666,-0.1088206,-0.9604645,0.8665857,0.7260168,-0.1457976,0.1255966,-0.4580065,-0.4860193,0.8630657,0.9537587,-0.3402966,-0.7307272,-0.1994928,0.8438418,-0.009001374,-0.06007898,-0.09537423,0.6800392,0.8137345,0.6164775,-0.4443835,-0.8153505,-0.8235362,-0.7092381,0.5866764,0.6042435,0.6150923,0.6605883,-0.0764581,0.2094098,0.3192885,-0.05524218,-0.1020762,0.4318914,-0.1605071,-0.8821282,0.86444,0.8647895,0.3764093,0.6001797,-0.6716011,0.2462839,0.8376815,-0.7361801,0.6114907,0.2468807,-0.3468655,-0.002536416,-0.3857759,0.4614205,-0.89626,-0.08655035,0.8820937,-0.9955621,0.2037448,0.3795285,-0.7627218,-0.51494,0.6673872,-0.4929234,-0.4119977,0.02618349,0.9784806,-0.2131847,-0.2041143,-0.04650056,-0.7742422,0.09731352,-0.8853855,0.255042,-0.0210768,-0.06145346,-0.9272861,-0.2128071,0.1671439,-0.7710996,-0.6654379,0.1993479,0.02097642,0.885329,0.3780644,0.3573875,0.0008393526,0.2711136,0.03187358,-0.7409821,-0.5353527,-0.8347337,0.2614581,0.9476521,0.7444785,-0.4941062,0.7043884,-0.4800962,-0.742507,0.5035558,0.3745186,0.4061351,0.9356079,0.9286168,-0.5003796,-0.3310529,-0.0291971,0.6327689,-0.2487403,-0.4020392,0.606647,0.6868558,-0.3132085,0.7711926,-0.4830531,-0.07493412,-0.05472767,-0.6687768,-0.1417667,-0.8205869,0.4441585,-0.9168849,-0.2086002,0.09482777,0.8812881,0.6589162,-0.385738,-0.3775455,0.3406264,0.4328448,0.5591354,-0.4011074,0.6205208,-0.6093526,0.3829169,0.07526505,0.7939115,0.01879275,0.3172202,-0.4377638,0.08160222,0.06186354,0.2210497,-0.9332588,0.6740787,-0.8793814,-0.08493793,-0.3115348,0.1275932,0.1008276,-0.9943442,-0.4906801,0.1229266,0.3870065,-0.1691102,-0.3006765,-0.4825124,0.3846945,0.5706694,-0.6664741,0.06522429,-0.394791,-0.4422454,0.5748975,0.4274435,0.6087463,0.850646,0.03059566,-0.3374633,-0.4487864,-0.1635233,-0.7780652,0.8955841,-0.8099945,0.01537669,0.4613332,0.02827871,-0.3071779,0.05928552,-0.9298403,-0.6238828,0.7397156,-0.6226342,-0.7913558,-0.09892094,-0.8145545,-0.6505938,-0.3327278,-0.2140845,0.09106839,0.6111488,-0.04521787,-0.9364791,-0.06672442,-0.3466293,0.3132393,0.7000456,-0.5104079,-0.4888369,0.8032243,0.6870046,0.09179413,-0.3859748,-0.6150253,-0.553839,-0.5346737,-0.9801064,-0.3262402,-0.9874151,0.179129,-0.2179407,0.04479325,-0.5943995,0.9167938,-0.4931201,-0.41933,0.2111799,-0.7910469,-0.440982,0.03186309,-0.8891909,-0.01021898,-0.5855792,-0.01829088,-0.8202662,0.8382413,0.4283805,0.1508368,0.6434336,0.6280715,0.2952652,-0.800468,-0.7283018,-0.02035797,0.8565881,-0.09913433,-0.1273798,-0.2110506,-0.8141327,0.001192451,-0.950547,0.8930497,0.7644551,-0.6268427,0.4363112,0.6304779,0.7355762,0.5625806,-0.1253062,-0.6736097,0.1791934,0.03955877,-0.1436712,-0.1784855,-0.5674305,0.6738811,0.6329668,-0.5589166,-0.9810321,0.5642757,0.1306745,-0.3587583,-0.4734489,-0.2013201,-0.2386457,0.1099068,-0.8431013,-0.3306559,-0.9351923,0.9233301,0.09069002,0.06044304,0.1280063,-0.3691677,-0.2289151,-0.580519,-0.05183518,-0.3395666,0.6298118,0.1638318,-0.331853,0.8796558,-0.7072878,-0.4650007,-0.3735162,0.2179486,0.4676876,0.3731966,-0.6190832,-0.1539818,-0.1430451,0.1397556,-0.1861557,0.2485894,0.7742054,-0.1536394,-0.1317357,-0.9697099,-0.6909311,0.1364621,0.01912701,0.9514871,0.8954754,-0.3804113,-0.5927665,-0.3685004,0.1339072,-0.8748834,-0.6653495,-0.5452881,0.1896635,-0.9301462,0.58673,-0.0651983,0.5027685,-0.3920048,-0.8483791,0.5007458,0.8352249,-0.2370132,0.6109152,-0.6141083,-0.9218252,0.4449856,0.9377983,0.9095354,0.2997596,0.8198361,-0.810143,0.1149155,-0.6976042,0.2426034,0.9910142,-0.4608072,0.8069153,-0.6822929,-0.5616457,-0.5447209,0.6195214,0.2852599,0.9039779,-0.5439117,0.3473482,-0.246266,-0.4532138,0.03457582,0.9923792,-0.6934311,0.4361448,0.1847278,-0.5434642,-0.5413277,-0.242375,-0.1286329,0.1699139,-0.0974766,-0.8972378,-0.5060766,-0.7328176,-0.4313711,-0.1461061,-0.9010453,0.3937638,0.6886594,0.1039659,-0.7969065,0.271707,-0.2672909,-0.254829,-0.7445374,0.6136732,-0.2573928,-0.2108356,0.6878519,-0.09580696,-0.4100355,0.05705535,-0.2742056,0.5864933,-0.3165601,0.2600932,-0.3407112,-0.6348438,0.2887294,0.9338436,-0.6312029,0.1081878,0.4890527,-0.9079161,0.6843755,0.4126522,-0.4747125,-0.6731653,0.3492117,-0.5844741,-0.8962805,-0.1658043,-0.9457214,-0.08542836,-0.6855977,0.6233511,0.6280205,-0.9064901,-0.06629312,0.6582561,-0.4981931,-0.6314554,0.2911613,0.2505481,-0.8421059,0.3180687,-0.1773411,0.9045341,-0.1139258,-0.4520513,-0.6772206,0.7917366,0.8600588,-0.9203215,-0.9667263,0.2243623,-0.07131636,0.5475428,-0.633739,0.9168377,-0.1954371,0.4493596,0.1597787,0.2221671,0.1117026,0.9184918,-0.0326041,-0.08912766,-0.3905526,0.7260814,-0.7424474,-0.2251502,0.3876965,-0.7906482,0.103994,-0.9810016,-0.5770593,-0.2126061,-0.8965204,-0.9663916,-0.02166641,0.4165921,-0.01451027,-0.8329237,-0.6352468,-0.5095265,-0.5178094,-0.5482192,0.6959975,-0.7005992,-0.2150656,-0.2834932,0.7608297,0.04352486,-0.2679456,0.3299,-0.4654716,0.4544069,-0.6649859,0.2573518,-0.7125671,-0.3977057,-0.5220811,0.8578069,0.6376667,0.2703447,0.3396287,-0.962182,0.2909956,-0.4776076,0.3004262,0.5772374,0.5240755,0.1672875,0.5540307,0.7631805,-0.001653075,-0.8436909,0.9419384,0.7236621,-0.2504925,-0.7933226,-0.664645,-0.6868491,-0.06143796,0.5202887,-0.4180125,0.5187674,-0.3172399,-0.004581094,-0.1397194,-0.01466954,0.4630305,-0.3669826,-0.6501272,-0.6001997,0.3392241,-0.4881235,0.4304533,-0.7881649,0.6406858,-0.2765476,0.8629892,-0.4313935,0.4208264,0.08856666,-0.5066335,0.4687648,0.3096521,0.1943692,0.7325096,0.4969446,-0.3757755,-0.2333194,-0.09442985,-0.9435041,0.322191,0.6936059,0.4213514,0.07042396,0.07117569,0.7330205,0.8229983,0.1013001,-0.3440384,0.5977907,-0.181197,-0.8821971,0.9161758,-0.7256627,0.3245794,0.9948699,-0.8352282,-0.2495972,0.8264709,0.2024397,-0.2376806,-0.6778448,0.9849048,0.8388703,-0.4962722,0.6929874,-0.5692253,-0.6533642,-0.4712688,-0.1318592,0.5638654,0.4228942,0.446639,-0.9416146,-0.5701005,-0.4953691,-0.5626807,0.4300511,0.8013523,-0.522053,0.6528885,-0.04630482,0.1600276,0.2883978,0.7807968,-0.7858818,0.3217704,-0.4411141,-0.8420372,0.2956485,0.8915749,-0.8199,0.06925786,0.4801492,0.30863,-0.9080548,-0.914448,0.9571023,-0.1024021,0.6001174,0.291399,0.6769588,-0.04831016,0.3551423,-0.4636377,0.08915532,0.7238855,-0.4101282,0.5426998,0.2522165,0.09609282,-0.2908934,-0.5187783,-0.3813003,0.7549138,0.8760211,-0.4838008,0.5760093,-0.3598462,-0.5881388,0.29687,0.8129711,0.7458062,-0.9801104,0.513351,0.9174879,-0.2431382,-0.04863369,0.6622241,-0.1936921,0.1599544,0.5399237,0.4535603,0.1882733,-0.7099915,-0.1046237,0.04246676,-0.8314881,-0.9897997,0.3280749,0.6732411,0.1118788,-0.3539976,0.8035972,0.5035527,-0.4258319,-0.4396452,0.6522918,0.01673543,0.6600006,-0.7968793,-0.4302114,-0.7476878,0.4080527,0.8737922,0.1603054,-0.7210102,0.4023421,-0.9855602,0.4047723,-0.3806249,-0.9234841,0.5133147,0.2429868,0.8150356,0.007560134,0.2147039,0.5677412,-0.7963967,0.962116,0.5255678,0.3494889,-0.9488311,0.6300089,0.2367626,0.9133437,-0.6428957,0.6163702,0.8096871,0.7842858,0.2626543,0.08000171,-0.5947418,-0.6981409,-0.09850872,0.03093755,-0.3531872,-0.6110528,0.1433595,-0.2926978,-0.6459012,-0.2346104,0.8057396,0.01174963,0.02828825,0.5520818,-0.5346889,0.9103255,-0.2439643,0.7283845,-0.3567284,-0.03609049,0.05367482,0.9162321,0.6565716,0.7124004,0.08724844,0.07225168,-0.9149449,0.3363812,0.6430185,0.7213972,0.3142869,-0.7838497,0.4465828,0.7019899,-0.1811086,-0.8085225,0.552654,0.8456495,-0.1304244,0.4641313,0.1424826,0.9676173,0.8164864,-0.201696,-0.6429975,-0.9656045,-0.1735171,0.8463669,0.2913568,-0.7129724,-0.2664486,0.7891614,-0.2516736,-0.2099701,-0.1361076,0.6459804,-0.8350699,-0.005924344,-0.2461017,0.451034,0.6503184,-0.02005303,0.916146,-0.5280948,-0.2393893,-0.4678942,0.8171976,-0.07225454,0.6918249,-0.1695207,-0.4552857,-0.3455113,0.7834978,-0.2099346,-0.7758021,-0.3086959,-0.1669582,-0.7960203,0.4392807,-0.641032,-0.1655926,-0.7332973,0.5135872,-0.06564629,-0.2378207,0.4856157,0.7919116,0.1986016,0.8621392,-0.2381669,0.3912749,0.04413784,0.1974994,0.5663216,0.4692614,-0.6607666,-0.1252817,-0.9194601,0.4553258,0.7603695,0.845773,-0.732116,-0.1314934,-0.1385916,-0.3460568,-0.6284542,0.5800831,-0.8168759,-0.1530288,-0.373453,-0.9689374,-0.4391557,0.7805669,-0.7067971,0.8469853,-0.8329937,0.8496494,0.1500081,-0.9700716,-0.975888,-0.1843554,-0.08704412,-0.1558672,-0.1212324,-0.3043355,-0.05756247,0.01553309,0.1844345,-0.7747438,-0.2479357,-0.5690415,-0.4712151,-0.7710447,-0.2071301,0.1343917,0.4959666,0.6886039,0.1793576,-0.04499996,0.2245024,0.6346128,0.7533548,0.9413323,0.4707968,-0.2991391,0.3760237,0.0850426,-0.7833595,-0.8392975,-0.03533351,0.6209564,0.1724914,-0.8123198,-0.9180892,-0.6416678,-0.07452285,-0.436973,0.006942868,-0.1382533,-0.5886028,0.1278523,-0.8825598,-0.3126205,-0.574578,-0.7665472,0.9447525,-0.03142107,0.5376925,0.9022987,0.5243452,0.7763927,0.7978859,-0.7476475,0.8170049,-0.2458578,0.1368703,-0.5845261,-0.9049256,-0.616859,-0.1128103,-0.9228668,0.7943597,0.3889599,-0.03846657,0.3998596,0.7464237,-0.3679985,-0.334864,-0.9056094,0.2063795,0.8875372,-0.23654,-0.4853183,0.3223495,0.8085308,-0.03751433,0.1173054,0.8531284,-0.7337649,0.7188165,-0.4897567,0.9161851,-0.5928383,-0.2130347,-0.7196393,0.7737846,-0.3136081,0.24187,0.2331346,-0.9021566,-0.193328,0.08143342,-0.2705942,-0.6027305,0.3887489,-0.9746332,0.2858183,-0.1918076,-0.9129643,0.9143512,0.6726725,-0.6380618,0.1996855,-0.1208674,-0.8550014,-0.8934174,-0.2679335,0.454678,-0.9191241,0.3497181,0.8622375,0.8623345,-0.469026,-0.5084097,-0.2821769,0.9649808,-0.27236,-0.06404579,-0.794095,0.396528,0.7811596,0.5686016,-0.1595999,0.05891669,-0.452427,-0.8338318,-0.6183372,-0.9365499,0.6574924,0.9557159,0.943687,0.5317011,-0.3421615,-0.18657,-0.3621184,-0.280532,0.1766771,0.4049532,-0.5871482,0.7507818,0.5246727,-0.8141754,0.9098353,-0.2533895,-0.7512062,0.84883,-0.8168573,0.4008822,0.6372931,0.05697143,0.8385355,-0.06321228,-0.5652301,0.7477589,-0.5654929,0.7904863,-0.9770956,0.908514,-0.2937778,0.5771296,-0.1947116,-0.6043885,0.4171858,0.8644087,0.6469653,-0.2475661,0.4069791,0.194147,0.9181402,-0.7113225,-0.8691087,0.95432,-0.5892012,0.6945047,-0.9034884,0.8179209,-0.6175737,0.3887219,-0.09737217,-0.9110148,-0.5319908,-0.2459563,0.3864352,0.1874772,0.4758055,0.8128488,0.2097012,0.05680835,-0.9401371,-0.9423907,-0.08246672,-0.8243885,0.1329101,-0.8484957,-0.3749951,0.9381571,0.8293982,-0.6583998,-0.6600938,-0.9701114,0.655339,0.4916334,-0.256687,-0.7312982,0.8941383,0.6556365,0.1229388,0.2598741,-0.09666312,0.4607589,-0.3300985,-0.5770037,0.3807771,-0.7183826,0.09775293,-0.2940675,-0.993304,-0.7518251,0.1537637,-0.02686894,-0.7969573,-0.535068,0.4681918,0.6106069,0.7207806,-0.758641,-0.4742757,0.2347103,-0.0864588,0.1701895,-0.5012231,0.8980393,0.00223434,0.8933876,-0.528765,-0.04383576,-0.08293617,0.2819643,0.7077088,-0.194904,-0.204167,-0.2276505,-0.6441748,-0.5965393,0.6884239,-0.8080382,-0.07710493,0.2214779,-0.06709611,-0.04058802,0.8280888,0.999568,-0.7842433,-0.7477043,-0.04790294,0.4990892,-0.9394197,0.7270536,-0.0008910894,-0.009861827,-0.3552932,-0.3023964,-0.3078011,-0.8952074,0.9901605,-0.05970252,-0.8771656,0.6192424,-0.3790058,0.5693431,-0.09495366,-0.2590379,0.2414318,-0.7337139,-0.4672996,0.7873325,-0.1850501,-0.2536379,-0.511411,0.9994402,-0.4664897,-0.9087939,-0.2200347,0.7712173,-0.176572,0.3874585,0.1151093,-0.5033264,-0.396819,-0.1947657,-0.1880983,0.8981082,0.2143241,0.9130077,-0.7402585,-0.6239705,-0.3243939,-0.555656,0.864783,-0.7555435,0.8650818,0.2915127,-0.8810894,0.6008332,0.01312196,0.9737089,0.9127526,-0.6447122,0.06958377,0.2367514,0.4795978,0.3070247,0.8728154,0.6475174,0.7463717,0.01264465,0.9238732,-0.322378,-0.02839768,0.7361088,-0.8181493,0.8577504,0.7401671,0.2642967,0.2009038,0.256865,-0.6554167,-0.8809767,0.6576605,0.5064662,-0.2630974,0.7573743,-0.5707636,-0.8806074,-0.5284429,-0.8764203,-0.644949,-0.3165931,0.7507863,0.9047289,-0.3543829,-0.606391,-0.9103153,0.1804234,0.6438131,-0.7868335,0.8573275,-0.1468409,-0.9120984,-0.8581238,0.6222315,-0.9614768,0.6042452,0.6810486,-0.4337083,-0.7857969,0.5113888,-0.4368652,-0.2887963,-0.7647014,-0.9258726,0.827338,0.7124052,-0.5866785,-0.8569834,-0.939045,-0.6635103,-0.6789956,0.3887682,-0.4661003,-0.07640469,-0.04770601,-0.01870143,-0.8144946,-0.7431452,-0.8639693,-0.328817,0.2477547,0.3409729,-0.9837847,-0.6694608,-0.4098762,-0.5438042,0.7589574,0.04574239,0.891269,0.838022,0.4499104,-0.2170647,-0.04245865,-0.5352404,0.4264691,0.06828678,-0.7158329,-0.7248595,-0.7817695,-0.3218683,0.1559287,0.9688547,0.2374107,0.8643701,0.3560853,0.4698953,0.6486824,-0.976124,-0.3900138,0.7943101,0.7435853,0.2932846,-0.1852721,0.1857237,-0.764745,-0.8866186,0.03773296,-0.6263716,0.4037513,0.2528207,-0.05484807,-0.04037654,0.08806813,-0.2338678,-0.2521864,0.4305644,0.1901654,-0.8326545,0.2473577,0.3281901,-0.751025,0.5260994,0.5264623,-0.1886891,0.357275,0.003501296,0.6964374,0.6107445,-0.07242811,0.1805903,0.6657763,0.5035727,0.6807539,0.7567384,-0.8363819,0.08792412,0.3911197,0.4884679,-0.1687883,0.3155517,0.8275149,-0.04570282,0.5625508,0.742991,0.0728811,0.22203,-0.2044545,-0.4028372,-0.652493,-0.3196384,0.7222474,0.5830183,-0.3445884,0.488398,0.8397944,0.3486964,0.8990667,-0.7834611,0.9514275,-0.8871813,0.5614128,0.9038148,-0.6084857,-0.577991,-0.405346,-0.3714358,0.1446675,-0.5976398,0.3276007,0.8210533,0.7621944,0.6517789,0.7576284,0.1870757,0.3384933,-0.7392135,-0.3982352,0.8533494,-0.5580366,0.1433219,-0.4211649,-0.09029901,0.1834894,-0.3083421,-0.3412808,0.2606556,0.09336793,-0.6584432,0.7062628,-0.8736973,0.1177031,-0.3727244,-0.7080419,-0.6749055,-0.7607369,0.8305049,0.943753,0.7044005,0.3500504,-0.8211844,0.7784095,0.7837119,-0.07140863,0.6906407,-0.3881677,0.7582104,-0.2362496,-0.3902475,0.1848656,0.4487483,-0.04300153,-0.2611943,-0.3546125,-0.177065,-0.4003183,-0.7673962,0.2390929,0.3788738,0.02368867,0.6511431,0.6285117,-0.4909509,0.2752306,-0.09055841,0.3508253,-0.2037123,0.8563263,-0.2859813,-0.792444,-0.3802429,0.3361113,-0.8852415,0.1886164,0.07837284,-0.5375075,-0.08251131,0.4633548,-0.1302248,-0.2245961,0.03886712,-0.337624,-0.6153576,-0.5283051,-0.5930281,0.9297054,-0.4272126,-0.701443,0.9598975,0.1762789,-0.1646239,0.7939036,-0.3589414,-0.8054736,0.2405688,-0.2078983,0.4049129,-0.1958085,0.7770734,0.757323,0.5724046,0.4793315,0.8149614,-0.7532179,0.8458457,-0.3389004,-0.3783747,-0.4623865,0.3453862,-0.5521221,-0.2076432,0.5494049,0.5196147,0.5296299,-0.8028157,0.642225,0.4816992,-0.9797122,0.8578377,-0.4706815,0.2969985,0.3298554,0.04436243,0.5280497,-0.1213063,0.02847135,-0.7140815,-0.7385933,-0.3907589,-0.5117574,-0.01678383,-0.9840236,0.6524675,-0.843869,-0.9328697,0.8659854,-0.1815566,0.7978199,-0.4697043,0.8968678,-0.3560375,0.1778587,-0.5415606,-0.338688,-0.3813845,-0.665343,-0.545306,0.1491519,0.05667508,0.6047921,-0.2371353,0.740885,-0.4284967,-0.3485364,0.8507812,-0.9388368,-0.3778497,-0.07189715,0.663954,0.5720353,-0.3505696,-0.5213659,-0.7651703,-0.3386019,-0.3460697,-0.6570768,-0.8232772,-0.4404279,0.27493,-0.7533283,0.8828137,-0.1129676,0.2386438,0.0716933,0.2242328,0.1960765,0.6036644,0.2069143,-0.2139419,0.5046959,0.8277631,-0.2604419,-0.8520544,-0.9012575,0.7199271,-0.7259052,-0.9404073,0.4764797,0.7775888,0.6049609,-0.9827824,0.8193336,0.4683771,-0.6566589,-0.8063827,-0.08351552,-0.4796914,-0.4280196,0.3594205,-0.9173903,0.03335512,0.1853186,-0.2986139,-0.7383263,-0.8250997,0.2553811,-0.521899,-0.5814579,0.585402,-0.4076282,-0.3187112,0.744437,-0.4407028,-0.8655627,-0.5451243,-0.7542369,0.3787915,-0.2018396,-0.01496375,0.4745376,0.3781049,-0.9475327,-0.02296436,0.787864,0.09187543,0.9059176,-0.4775575,0.6705365,-0.0684253,-0.8408079,0.344799,0.6842694,-0.1599411,-0.04243004,-0.9844921,-0.1248435,0.8792319,-0.2822994,0.9500656,-0.03206503,0.6524577,-0.1322881,-0.8640261,0.6528754,0.5003958,-0.8305571,0.2746541,0.7856615,-0.7771316,-0.4074794,-0.5570285,0.1650466,0.8454382,-0.5969751,0.6006494,0.2859091,0.1677464,0.3111229,-0.1374582,0.2878234,0.423939,0.7682083,0.1194903,-0.3463105,0.8541107,-0.04328573,-0.6619527,0.4464719,0.1014282,-0.1192838,-0.3287743,0.6844413,-0.009256005,0.7944021,0.6923094,0.8374555,0.1919972,-0.1867779,0.82844,0.2309436,0.2172314,0.3465881,-0.3641855,-0.3097903,-0.1433948,0.3066499,0.5665164,0.7110233,-0.2263943,0.8484285,-0.4999248,0.7855852,0.9905484,0.7109849,0.1793324,-0.370319,-0.6747394,-0.9525182,0.461293,0.5629988,-0.9639046,0.8529828,-0.782968,-0.6246359,-0.5977461,-0.1973189,-0.6566601,-0.8679678,-0.08512485,-0.5298617,-0.250791,-0.6460295,-0.3993081,-0.3874859,0.4241383,0.4934606,-0.06735361,0.6372204,0.4943993,0.7199535,0.7627392,-0.8267686,0.386343,0.05382717,-0.766535,-0.9980569,-0.7106535,0.6892807,-0.8002911,0.3691272,0.3285374,-0.445664,0.9407041,-0.09944379,-0.6282785,0.6351595,0.3066988,0.4238231,-0.9318206,-0.1915151,-0.1351858,-0.4578072,-0.5011172,0.4875774,0.3422527,-0.8950329,-0.4341811,-0.807436,-0.6652093,-0.3250664,0.9777586,-0.2410597,-0.3807563,-0.948777,-0.7200773,0.6109536,0.1578537,0.2357889,0.3540973,0.1248778,-0.8615236,-0.02416432,0.8036275,-0.02587831,-0.5685115,-0.06531966,-0.05906045,0.2358018,0.2640156,-0.2268046,-0.4068652,-0.2643663,-0.07659495,0.4290023,-0.2770158,0.7995069,-0.51108,0.2409655,-0.245623,0.4647033,-0.3202373,-0.2939967,-0.1746227,-0.1048304,-0.285906,0.689244,-0.9812219,0.8235002,0.156459,0.3131287,0.9054193,-0.2761844,-0.8920014,-0.5144076,-0.1783296,0.8046882,0.9481606,0.7299311,0.5667028,0.4803474,-0.4169194,-0.9658763,0.638761,0.7571383,0.1105314,0.71875,-0.4873444,-0.3137766,-0.8868582,0.7208922,-0.8597116,0.03573906,-0.8172491,0.7133324,-0.3053817,0.3175487,0.3201756,-0.07894337,-0.5378296,0.081164,0.9680142,-0.5071478,0.9100685,-0.1780213,-0.6388533,0.02299035,-0.4108671,0.275913,0.6470037,-0.8843424,-0.3978065,-0.2599937,-0.5062599,-0.3634707,0.7954779,0.0623945,0.7531061,0.607707,0.8970706,-0.6076238,0.3492386,0.283899,0.8936903,0.1540922,0.2336003,-0.04017317,0.6545849,-0.216256,-0.1412467,0.3000359,-0.2242891,0.03289282,-0.3210219,-0.7597809,0.06314576,-0.6123402,0.55762,-0.3503686,-0.8181298,0.8414979,-0.4473029,0.149911,-0.4967951,-0.5141728,0.3217725,0.09729254,0.6496897,-0.8680809,0.6995964,0.9097228,0.5299842,0.9136348,-0.6786985,-0.2948674,-0.5870364,0.7322214,0.8503859,-0.6209133,-0.5039876,-0.8381908,0.2483958,-0.44459,0.6181967,-0.3415743,-0.3028876,-0.1675943,-0.05637467,-0.6911304,-0.5316181,0.9168608,-0.4284002,-0.1437765,0.900455,-0.3458556,0.2559263,0.102687,-0.6932395,-0.16074,-0.1515867,0.2169896,0.7966177,-0.9349365,0.5876744,0.8511975,0.1008564,0.1250523,-0.2932554,-0.2454449,0.7842433,-0.216236,-0.9832232,0.7530737,-0.3400398,0.9921653,-0.5777171,-0.6315742,0.08858931,0.4650232,-0.1080824,0.1950005,-0.5423613,0.02043974,-0.3174521,-0.4723209,-0.4307631,-0.2014009,0.5318274,-0.4027468,0.07855046,-0.09861839,-0.08220088,-0.7059412,-0.8604872,-0.6943023,0.27634,0.4063182,-0.7077935,0.3101015,-0.3644742,0.5939834,-0.5126264,-0.4375633,0.2376665,0.8958862,-0.5004649,0.8670423,0.6606998,-0.463781,-0.07113636,-0.5403244,-0.5977364,0.3908398,-0.6895728,-0.04843533,-0.1373783,0.9042187,-0.4570667,-0.9273775,-0.8354411,0.6708121,-0.0496856,-0.9996169,-0.04936349,-0.08472598,-0.2593833,0.1788236,-0.8523648,0.009071231,-0.09546721,0.719682,-0.1845323,-0.137055,0.384299,-0.3483397,0.6293852,-0.9538505,-0.4431971,0.9356945,-0.9339569,0.3217802,-0.4717988,-0.5059264,0.1577369,-0.3703438,0.5975289,-0.165145,-0.3200401,-0.6912553,-0.9350014,0.9460456,-0.3328608,0.06456983,0.1376072,0.5197637,-0.9607432,-0.8573246,0.456764,-0.1883317,0.9612796,-0.2355739,-0.232258,0.8601904,0.6182742,0.3735223,-0.5075033,-0.1115581,-0.2688638,0.3909673,0.4866514,-0.1256999,-0.2389477,-0.5776169,-0.2412907,-0.8332186,0.986434,0.1321946,0.5179505,-0.5765643,-0.06069458,0.4157033,-0.309522,-0.6015694,0.09470713,0.7751663,0.8093953,0.8331597,0.4074986,0.4235475,0.6449354,0.8050106,-0.6123002,-0.7352576,0.9932537,-0.02243793,0.8573446,0.8041444,0.3709676,-0.3351051,0.9227097,0.3500335,0.9775956,-0.9870639,0.7684453,0.9084382,-0.02749693,0.3731606,0.1475667,-0.9773238,0.5925086,-0.1690754,-0.7139099,-0.9915533,-0.4680518,0.6970294,0.1523858,0.2296869,0.71491,0.4274378,0.1774443,-0.2631677,-0.1227273,0.1246978,0.8180237,-0.3733033,0.03599727,-0.4166986,0.09787405,-0.3864647,-0.1637324,0.1282755,-0.2390102,-0.8245521,-0.9861944,0.561728,-0.6919575,0.2127947,-0.6420612,-0.07530987,-0.3524166,0.2677519,0.3026747,0.8325582,-0.9133294,-0.7631917,-0.2814382,0.1412643,-0.1255492,-0.9209843,0.3109879,-0.4040529,-0.3304111,0.1945914,-0.5828726,0.4729366,-0.09841096,0.739903,0.3401391,0.07494366,-0.2924312,0.3698768,-0.9971924,0.4530708,0.7766817,-0.6508856,-0.2732621,0.5495489,0.9839685,0.962913,0.5214922,0.9453733,0.06150281,-0.8860123,-0.5254202,0.3026998,-0.3147055,-0.3628579,-0.4488853,-0.05753219,0.9386089,-0.6454804,0.4804892,0.5939934,-0.1928178,-0.02985632,0.900553,0.2848854,0.508266,0.4160533,-0.4574519,-0.150298,-0.4168035,0.2545628,0.08372653,-0.05141532,-0.6875916,-0.9342256,0.3960297,-0.9448221,0.1033593,0.5347626,0.4935198,-0.4992698,-0.07507885,-0.8147819,-0.3568636,0.08547461,-0.7854853,-0.1357523,0.8463557,-0.4919063,-0.7013402,-0.9587266,0.2998707,0.007548928,0.43731,0.1913518,0.4687273,-0.8753412,0.02648175,-0.9146264,-0.7322171,0.5992293,0.05851352,0.2103494,0.7111826,0.8560939,-0.1379553,0.825531,-0.3586136,0.8596165,-0.5508339,0.5278869,0.8715525,0.1576265,-0.3932554,0.008980155,-0.3809389,0.2198492,-0.1346647,0.5646203,-0.3594371,-0.2000862,0.9888742,0.6318057,-0.3574315,-0.7216098,-0.2030908,0.6320539,0.5792799,0.5699151,0.1982347,-0.1917676,0.9234211,0.9396424,-0.02789724,0.4966051,-0.6899869,-0.566359,-0.5140052,-0.9397912,-0.1381418,-0.5652828,0.1690933,0.6012533,0.2942531,0.1695665,-0.7320411,-0.07749259,-0.09465706,-0.8318262,0.4875092,-0.8564065,0.6473923,-0.6132751,0.6083519,0.4822571,-0.3776604,-0.15913,0.661927,0.6758447,0.8248727,0.09625614,0.89785,-0.5930235,0.4496841,-0.4529082,0.4816398,-0.1539098,-0.3369163,0.6046455,-0.8304489,0.2383848,0.0830816,0.9531467,-0.07934225,-0.6333473,-0.07377517,-0.2977604,-0.442181,0.4226684,-0.7823486,-0.3697335,-0.05256879,-0.01651061,-0.5313408,0.8582194,-0.4238707,0.1077677,-0.01716983,-0.6242912,-0.6799843,0.6751809,-0.4085451,-0.3220118,-0.542356,0.2881646,-0.9379609,-0.7207508,-0.7801216,0.6398382,-0.04170167,0.1439527,0.5756829,-0.2951566,-0.1286384,0.8232484,0.2244214,-0.6762147,0.02237618,0.2717292,-0.3318137,0.6645997,-0.4422902,0.1587604,0.6837304,0.02503264,0.4556143,-0.1093549,-0.04893625,-0.885921,0.5255294,0.5260608,0.1014379,-0.1822306,-0.7389348,0.1627194,0.4223902,0.654932,-0.6375782,0.6988053,-0.09846604,0.7085493,-0.3560585,0.7875092,0.08075058,-0.0605284,-0.832032,0.08451116,0.7641759,0.947124,-0.4573556,0.9820971,-0.6873007,-0.8061922,-0.3699182,0.7393379,-0.9466166,-0.5404313,0.8295496,-0.5175951,0.0931524,0.02067006,0.03442538,-0.04251683,-0.9779482,0.7062154,0.5136056,0.7295139,-0.9313533,-0.8795946,0.6831174,-0.8872983,0.2710838,0.5163441,0.04003847,-0.5538719,-0.263384,-0.3476673,-0.1178032,0.9904752,0.7562721,-0.256497,-0.7159474,0.2686207,0.1407579,0.560792,0.7647645,0.9488399,0.7188468,-0.6056442,-0.4370834,0.559598,-0.3266362,0.9415922,0.5447919,0.08538401,-0.9025047,0.3259761,-0.6490812,0.2587952,-0.09774482,-0.2563833,0.7175889,0.02980864,-0.04830945,-0.793056,0.2276405,-0.6022956,0.6727884,-0.1829833,-0.916538,-0.5740204,-0.9690332,-0.002959847,-0.4804689,0.640152,-0.3649477,0.4335534,0.5419776,-0.3425468,0.4875037,-0.2727414,0.2063276,-0.4733955,0.7312856,0.1876258,-0.6389244,-0.4524268,0.4579715,-0.06330526,-0.4098853,-0.4891413,0.7886496,-0.4247288,0.9938455,0.4349768,-0.8457723,-0.9484198,-0.9108977,0.5442362,0.7116225,-0.9127312,-0.8361173,0.6313457,0.7518766,-0.1765245,0.2931215,-0.1276575,0.7455876,0.2918396,-0.1771888,-0.5807362,0.6954422,-0.7660983,-0.1446224,-0.888871,0.7352638,0.9506481,0.6756644,0.3085763,0.09856474,0.2043115,0.7515903,0.6052012,0.2228419,-0.631655,0.8479877,-0.9901443,0.06836808,-0.628119,0.3467264,-0.08952582,-0.2996022,0.02088392,-0.5134246,-0.8934438,0.4554779,-0.2217237,0.7446575,0.06064737,-0.05745304,-0.5869141,0.1533059,-0.01922953,0.08916938,0.270488,-0.8398883,0.9750707,0.8853478,-0.6070399,-0.6979399,0.5710356,-0.1355754,-0.08891714,-0.9749074,-3.945827E-05,0.5128279,-0.7477567,-0.3275067,0.9365556,-0.5765803,-0.8669457,0.6942835,-0.5112727,0.3194441,0.5127521,0.7453086,0.08859456,0.29951,0.9843035,-0.4496664,0.2234064,0.1277534,0.6305027,0.5600891,-0.03167284,0.2507143,-0.7613423,0.8796661,0.3955617,-0.4635779,0.8506002,0.6356499,0.7452126,-0.5150785,0.317132,-0.9986658,0.2146906,0.1461257,0.875855,-0.9785919,-0.1994058,0.07939613,-0.7174847,-0.3793563,-0.1539401,0.2246071,-0.9197619,0.8272097,-0.1469868,-0.9173937,-0.2254146,0.8297994,-0.8013105,-0.2530843,0.5952516,-0.08199513,0.03726685,-0.02581561,-0.9351311,-0.1494921,0.6165733,0.2351753,0.6336224,-0.4937266,0.6975617,0.2876746,0.5040834,-0.8300622,0.4811518,-0.1296331,-0.7401309,0.5202172,-0.4920472,0.179967,0.033831,-0.6146848,-0.9928486,0.5268166,-0.400544,-0.6290171,-0.2008675,0.5883501,0.2085906,-0.4846774,-0.6450119,0.3184483,0.7010491,0.1731755,0.3028662,0.22641,0.8013954,0.2070726,0.4476189,-0.8834743,-0.8366618,0.04695547,0.6891925,-0.1240927,-0.2616779,-0.7417753,0.7874045,-0.1670552,-0.734412,-0.2301065,-0.4004041,-0.6268604,-0.283626,0.63115,-0.737421,0.3299031,0.7302113,-0.8749936,-0.4075633,-0.4248933,-0.3286334,-0.9729743,0.8588421,-0.7021105,0.9711835,-0.3421081,0.477602,0.6861031,-0.5782969,0.8232365,-0.2837447,-0.8674529,0.06416976,-0.7251883,-0.510798,0.9268053,-0.8748612,-0.2175401,-0.4046339,-0.1078531,-0.1540576,0.0008229017,-0.05222976,0.2762098,-0.8756013,-0.1240999,-0.01582253,-0.8803108,0.9885128,-0.6331456,-0.4179627,0.1071376,-0.7857664,-0.9874616,-0.7351093,-0.9046953,0.0008624792,0.8400531,-0.7353518,-0.8282275,-0.3858329,-0.4209503,0.5848498,-0.1657652,-0.009224296,0.06408107,0.4236459,0.70575,-0.01796782,0.5540686,0.8407915,0.8633647,-0.8810444,0.8029084,0.2986932,-0.4244727,0.1702136,-0.01321924,-0.113211,-0.1014053,-0.4260997,0.740217,-0.6874402,0.8624058,0.3002045,-0.878046,0.03956521,-0.09397566,-0.3548337,0.1285676,-0.4719864,0.1564759,0.781935,-0.1458663,-0.08899057,0.8914611,0.07737195,0.2374336,0.6862693,-0.9923439,0.4940848,-0.1795369,0.5450938,0.1473404,0.3747813,-0.4147772,0.3269796,0.8206251,-0.6795919,-0.9040389,-0.3793746,0.9613523,-0.1318065,0.03606141,0.5788901,-0.06891096,-0.6187122,0.120242,0.3426211,-0.3237654,0.7757735,0.150062,-0.5193944,0.6247809,0.5105917,-0.6353235,-0.3924471,-0.04951036,0.2612476,0.06535351,0.8410876,-0.3966409,0.9776068,-0.6312187,-0.70189,0.4947786,-0.4685179,0.9561238,-0.4773327,-0.3854743,0.8600976,-0.7683547,-0.1714832,-0.8226154,0.8561704,0.8308783,-0.07140934,0.5355837,0.8634908,0.4169144,-0.5761251,-0.9658225,-0.03254759,-0.5203242,-0.8564944,0.8333676,-0.2314562,-0.7881236,0.7775102,0.08489263,0.6719065,-0.4456013,-0.6396475,-0.02664411,0.3857722,0.3378789,0.08860958,0.8539176,0.08183134,-0.5636885,0.81143,-0.8023555,0.5840528,0.262697,-0.3580831,-0.3402015,0.9822614,0.7647326,-0.5984445,-0.2988197,0.6383445,0.6920075,-0.2286514,-0.4361809,0.2563762,0.5122421,-0.6018214,-0.4206773,0.6300993,-0.9116719,0.5094466,-0.3077596,-0.5990276,0.03771031,-0.6111603,-0.3957206,0.5321012,0.1049641,0.3877999,-0.878926,-0.4426082,0.9398332,0.7280748,-0.1694664,0.4479994,0.517349,0.6719809,-0.07019794,-0.04327357,-0.5896676,-0.3527666,-0.7068887,0.8680997,0.6066747,0.9573889,0.9944439,0.369219,-0.7341235,0.7624428,-0.7562909,-0.5434911,0.6386888,-0.02393067,0.3102259,-0.8391995,0.834358,-0.291236,-0.08645666,0.0946337,0.2072786,0.3328907,-0.3319052,-0.4884895,0.600549,0.9708953,0.9274597,0.688724,-0.003193736,0.6515968,0.6974156,0.6877975,-0.7068782,0.9303071,-0.6342602,-0.8865323,-0.2254959,0.9932759,-0.08007514,0.7316022,-0.5982411,-0.2201589,0.644968,-0.5713525,0.2374552,0.4528761,0.2236212,0.9061799,-0.4579819,0.4546222,0.1020669,-0.9343293,-0.1663989,-0.04040945,0.4906611,0.9190469,-0.3876799,-0.494151,0.1818515,-0.2993177,0.3023779,-0.5941815,-0.9817512,0.776762,-0.1536683,0.6943731,-0.2436184,-0.5042977,0.7348187,0.08332765,-0.6062231,0.7728386,-0.7805088,0.3799143,-0.2911776,0.5873518,0.310143,0.4738674,-0.7257504,-0.8195841,-0.02637637,0.7341819,0.8027565,0.3711953,0.5721462,-0.8317833,-0.6367431,0.8190575,-0.2401537,0.4730167,0.7941892,-0.1022311,-0.727026,0.02250469,-0.2706248,-0.9364011,-5.567074E-05,-0.1957337,0.4005422,-0.6371088,-0.05862796,-0.875555,0.7391279,-0.1122509,0.1127239,0.2759704,-0.725086,0.4918284,-0.6119287,-0.3983833,-0.705467,0.99718,-0.0009869337,-0.4803354,-0.8848124,-0.9192369,0.4867911,-0.02753913,0.381237,0.9424806,-0.3020679,-0.5283563,-0.1364716,0.4722514,-0.8716297,-0.0210036,0.7673628,0.7467227,0.1424848,-0.1225506,0.9995437,0.6857803,0.391052,0.271451,0.7604132,-0.6454003,0.8148382,0.5277071,0.7350392,0.9721189,-0.356773,0.6048999,-0.9528911,-0.6025743,-0.7315419,0.1817659,-0.2575461,-0.07872474,-0.6032827,0.4841163,-0.6396067,-0.9365349,0.09974611,-0.4452831,0.492157,0.1720115,-0.4251505,0.8545356,-0.3584088,0.08038151,0.04918683,-0.4801363,0.5178249,0.05822313,-0.2595311,-0.3789362,0.7505684,-0.01824319,-0.3170036,-0.7441576,0.5169189,-0.8662744,0.5325854,0.01409662,-0.9035881,0.07002699,-0.747736,-0.397879,-0.9200528,0.2174619,-0.6221147,0.7341456,0.9026475,-0.7721238,0.04566801,0.2025298,0.3460552,0.6120288,-0.5903559,0.1369957,-0.7941575,-0.6332128,-0.4825059,0.5924172,-0.1553935,-0.43424,-0.554126,0.1658469,0.1813747,0.4452893,-0.1055564,0.8811002,0.05185473,0.6467459,-0.1867074,-0.3265744,0.6280258,0.8257992,-0.8215873,0.1202501,-0.5862501,-0.3729113,-0.4466962,0.6243441,0.7387946,-0.8744106,-0.03558648,-0.5921617,0.4488189,-0.6289141,-0.7120035,0.7516329,-0.7388949,0.3753051,0.2246085,-0.4390506,-0.4081658,-0.8842478,-0.3443354,-0.886447,-0.6502993,-0.3242763,-0.452247,0.3945927,-0.4403163,-0.9254549,0.7976921,-0.851104,-0.06026661,0.0949105,-0.7016518,-0.6773772,-0.826148,0.3654887,0.5424244,-0.2438201,-0.3204485,-0.2706696,0.234171,-0.7407105,0.4069535,0.1977783,-0.793458,-0.9705179,-0.9794457,0.74668,0.4178571,0.9931006,0.114534,0.2331606,0.5492311,0.8837743,0.7752562,0.28951,0.5023916,0.2131242,0.4282884,-0.2622346,-0.5823042,0.5437384,0.5813529,0.4448363,0.7597911,0.8156083,-0.5026581,0.1751016,0.964541,0.9618149,0.3275702,0.04478943,0.7118192,-0.8288989,0.4872462,-0.7596743,-0.5394711,0.2907514,-0.2142402,-0.7534895,0.9627357,0.8632979,0.2341954,0.6042335,0.3527703,0.3438401,-0.801039,-0.5748234,0.4325139,0.9951599,0.9680555,-0.6617374,0.8021617,-0.5076318,-0.7146397,0.5404367,-0.8679364,0.4658684,-0.2133144,0.2597587,-0.8246081,0.7331183,-0.2315584,-0.6086099,0.1577729,0.9310644,0.5742545,-0.9861748,-0.6187079,0.1682271,-0.7135487,-0.8961401,0.8645391,0.08834207,0.4300632,0.7921932,0.9594319,-0.7252069,-0.04196298,0.3799944,-0.2366341,0.1691126,-0.7660348,-0.8830554,0.3154576,-0.1599849,-0.6850684,-0.9213402,-0.8302231,0.004229188,0.6545825,0.3547146,0.6720288,0.6004529,-0.9501278,0.6231031,-0.9891725,-0.5574062,-0.9963295,0.9840832,0.1560842,-0.9749241,0.4265883,-0.2619132,0.4334621,0.3616509,0.2971539,0.452717,0.449825,-0.3154854,0.01877058,0.8100929,0.7647939,-0.9718816,-0.180869,0.3886974,0.6470637,0.8166091,-0.6047776,0.02557313,-0.02227437,-0.5444834,0.1118001,0.1899499,-0.6959686,-0.5218799,-0.9356487,0.6902966,-0.1970295,0.0252713,-0.4489728,-0.7278442,-0.7375965,-0.08257663,-0.4960338,0.2808313,-0.9731643,0.2898631,0.6674662,0.3794126,0.3383918,-0.6502419,0.5783143,0.5785928,-0.1622182,-0.6965017,0.7789927,-0.298932,-0.2930719,-0.8184078,0.9046297,-0.7334955,-0.2181193,0.3885438,0.4201214,-0.6037123,-0.06141937,-0.9943469,-0.8304827,-0.9473929,-0.3234767,-0.01471293,-0.7273295,-0.351338,0.7323141,0.8922288,-0.2259001,0.3259387,-0.292565,-0.9789612,0.6236889,-0.3610481,0.5207195,-0.7052081,-0.465289,-0.2512118,0.1465939,-0.9575274,0.3487522,0.06765187,0.8622108,0.3559334,-0.8990278,-0.427868,-0.8340151,0.3871925,0.385215,0.8211048,-0.109212,0.1433369,-0.8425,-0.01153672,0.5894763,-0.2677642,0.4789025,-0.4453059,0.9666204,0.9180119,-0.9587908,-0.8542995,-0.2140273,-0.6595943,-0.9833148,0.6408129,-0.02970397,-0.871357,0.01244748,0.1599063,0.8117611,-0.2498955,-0.03444755,-0.6522388,0.1243616,0.2327391,0.6194906,0.346476,-0.3756763,-0.3991967,-0.8702598,0.8925176,-0.2627872,-0.3510684,0.5928226,-0.9070129,0.4917164,-0.1044475,-0.5046544,-0.4564682,0.14162,-0.03620517,-0.9064567,-0.5770106,-0.7854493,0.8495588,0.4959287,-0.559027,0.6694536,-0.3698984,0.3609299,-0.7372124,-0.2308947,0.3344638,-0.3485185,0.865427,0.1565424,-0.6279428,-0.9901786,0.656384,-0.2940928,-0.1356484,0.1363951,-0.5805571,0.5084314,0.003530622,0.02418888,-0.0591985,0.03911746,-0.5325069,0.9801235,0.9007738,-0.7912006,0.261291,-0.0451647,-0.9246013,-0.8323998,-0.7891777,0.6966236,0.7874486,-0.4884814,0.5673869,-0.3553342,-0.8422248,-0.1923906,-0.1712345,-0.7921426,-0.3839296,-0.05524218,0.4366107,0.892509,0.09636557,-0.1482614,-0.4955083,-0.04327404,-0.1898919,0.7871358,-0.7659414,-0.7925315,0.883462,0.5695319,-0.4093748,0.952733,-0.7130485,-0.3911015,-0.1236697,0.7776513,0.1200846,-0.9423959,-0.5473766,0.9317572,-0.9199295,-0.1000382,-0.3510422,0.673759,-0.7432461,0.1692897,-0.2254857,-0.6097722,-0.6919184,0.675627,-0.9270499,0.927763,0.1882373,-0.7505991,-0.02784026,0.8841064,0.1484419,-0.1529204,-0.664578,0.6910279,-0.6103735,-0.5754578,-0.8429036,0.7955165,0.3481102,0.2294241,0.08792484,-0.8747225,0.8009174,0.09004962,-0.04895985,-0.1314698,-0.01748884,-0.2336267,0.05716741,-0.9017038,0.2296554,0.2411338,-0.2694274,0.730196,-0.5826638,0.297071,0.6467903,0.3259232,0.5605469,-0.6308341,-0.4591159,-0.01203239,-0.7887869,-0.3378733,-0.867676,0.8173256,0.8014772,0.9042683,-0.7119601,-0.1518968,-0.4998707,0.709106,0.2357062,-0.9472685,0.9934502,0.7958956,-0.3916873,0.2094079,-0.3392836,-0.5274899,0.5044084,0.9575589,0.9625742,0.8438547,0.7755868,0.507081,-0.8853106,-0.6714931,-0.7512813,-0.5801175,-0.9186339,0.8917756,0.2531607,-0.2134606,0.03980815,0.1660756,0.320831,-0.7178373,-0.3262399,0.4169435,0.2541489,0.4546392,-0.07279241,-0.6986403,-0.5386779,0.09220111,-0.7532098,0.3599236,0.2389609,-0.8564308,0.756207,-0.8274889,-0.9395974,-0.7253339,-0.2315463,-0.4290887,0.4960048,0.7898359,0.3239872,-0.07577336,0.4044656,0.8003924,-0.2559124,-0.2414449,-0.2386774,-0.3413442,0.3278348,0.09364069,-0.1379429,0.3806681,0.8322804,-0.3478664,-0.2197155,0.9123361,-0.7135587,0.7151284,0.4601283,-0.690402,0.9431674,-0.264536,0.8960998,-0.3173679,0.4174602,-0.7244015,0.5595682,0.409955,0.2133604,-0.9172728,-0.7701471,0.9170554,-0.7900341,0.2702312,-0.08585393,0.6424465,0.9503939,-0.7859735,0.288362,-0.8781638,-0.9154553,-0.8721373,0.9235022,0.616102,-0.4964308,-0.3318156,0.7056754,-0.8211265,-0.1031045,0.6927509,0.9075577,-0.6929598,-0.09782708,-0.8577857,-0.1919695,0.08314097,-0.2152921,-0.4198898,0.2525289,-0.7146113,0.7447543,-0.2184674,-0.7916129,-0.4937769,0.4223771,-0.6087017,-0.2678248,0.5318985,-0.4329001,0.9415088,-0.480426,-0.5310791,-0.8852484,0.1344806,-0.6409223,-0.6311753,0.8241773,-0.9599097,-0.4976572,-0.7752419,0.294018,0.273297,-0.04245102,0.04251325,0.197378,-0.009210944,-0.7417228,0.4137959,0.7756128,-0.03103125,-0.9330084,-0.7701144,0.3893997,-0.9072843,0.8567085,-0.3382372,0.0683192,0.1207031,0.2477392,0.732934,-0.7473772,-0.08086288,-0.558677,0.4992649,0.01244438,0.2117413,-0.9481583,-0.6754227,0.9621634,0.6791353,-0.9886112,-0.1983923,0.409455,-0.1323158,0.7450144,-0.3131224,-0.2242981,0.9964209,-0.6255004,0.4746611,-0.03891361,0.403547,0.8434012,-0.3654076,0.6054025,0.2662716,0.5250647,0.3916893,-0.4927682,-0.9406562,-0.9660685,0.3847425,0.5012267,-0.7273662,0.6087334,-0.1697487,0.7131796,0.64698,-0.2323157,0.7267821,-0.8947971,-0.3435773,0.07812178,0.5837495,-0.8029492,0.5407858,-0.2765585,-0.9424999,-0.09994185,0.2153898,0.5497718,-0.2452818,0.8945971,-0.9597127,0.9073727,0.9292309,-0.03328168,-0.8842366,0.2925403,-0.9724324,-0.3757046,0.10316,0.5380254,-0.1099447,-0.4188932,-0.9408915,-0.02793157,-0.8967929,0.6216354,0.5567198,0.5611632,0.2295979,0.4325893,0.518945,-0.7541206,-0.8809717,0.8725386,0.8286631,0.5098803,0.5790493,-0.8548367,0.4124503,-0.9822216,0.8680623,-0.9567404,-0.4379207,-0.9835656,0.5418394,-0.4309832,0.8004906,-0.8392823,0.6642511,-0.4110881,-0.1832353,-0.6588831,0.6656716,-0.9484508,0.5769503,0.06858528,-0.6223464,-0.5596659,-0.04136479,0.2650413,-0.4791213,-0.00869143,-0.8439798,0.6578627,0.0760566,0.1372346,0.7914996,-0.900563,-0.1426181,0.594527,0.7742395,-0.2675928,0.2823734,-0.05725181,-0.2599424,-0.02696478,0.6270392,0.806262,-0.2531306,0.7911332,0.6194603,0.9033923,0.6545117,0.8725901,-0.93209,-0.6007233,0.4098367,0.2166816,-0.8468702,0.8772647,0.3921213,0.2830462,-0.2622515,0.5791533,0.1032945,-0.2613164,-0.7451022,-0.704433,0.8256178,-0.2071239,-0.3045851,-0.7229636,0.4296436,0.9659212,0.08770239,-0.8624153,0.9648111,-0.8171403,0.8242669,-0.2206348,0.8199022,-0.6699493,-0.1736962,0.1850413,0.4398172,0.5426905,0.1991254,-0.7775693,0.4897031,0.6228173,-0.4684979,-0.6766129,-0.9557416,-0.2043289,0.3109615,0.4039893,-0.00559485,-0.668381,0.5149515,-0.4596685,-0.7958603,0.2118016,-0.3653897,0.2701323,0.6607909,0.964232,-0.5114956,-0.7054527,0.2830009,0.7062051,-0.1836454,0.2083346,-0.4986726,-0.735281,-0.9886024,0.3253455,0.4178645,-0.8577387,0.1421181,-0.8172247,0.3498168,-0.3237787,-0.6498849,-0.274017,0.4999461,-0.09210312,0.1235548,-0.6943774,0.1663507,-0.9756026,0.5695629,-0.9984853,0.4331338,0.5390816,-0.7235508,0.8030503,-0.3688976,-0.8756337,0.008335233,0.8248956,-0.1441537,0.4291625,0.9753995,-0.005328059,-0.2412287,0.8007276,0.01330245,0.7991872,-0.8930068,-0.8273478,-0.1282803,-0.7706499,-0.03230083,0.1469899,0.5600753,0.5307846,-0.4443735,-0.5039442,-0.6955986,0.7085102,0.7903056,-0.8786044,-0.68121,0.232035,0.2803514,-0.9213378,-0.5829842,-0.8481715,0.8229291,0.03188956,0.5101392,0.599031,-0.1062826,-0.6575904,0.3511295,-0.6902578,-0.2797745,-0.4696316,0.8310192,-0.7583561,0.5063694,0.8796575,-0.489997,0.6908684,0.2054957,-0.4904872,0.892216,0.3286841,0.4449494,0.1620885,-0.4701508,0.6045568,-0.8641961,-0.9362826,0.1551706,0.5356526,-0.1659812,-0.3845786,0.4793048,-0.3859252,-0.468402,-0.2369376,-0.3729373,0.299638,0.854929,0.6233492,-0.1462148,-0.6785922,0.09887302,-0.9922831,0.7196176,-0.9368594,-0.3764542,-0.609221,0.05013907,0.7508681,-0.6258075,-0.4785756,0.5990927,-0.1703745,0.3882551,0.5620377,0.190344,-0.9935029,-0.2670444,-0.8316784,-0.04646862,-0.02125323,0.232334,0.3272888,0.3080444,-0.2271498,0.2720778,-0.4586269,0.1026291,-0.7346535,-0.9553862,-0.3253161,0.5348988,0.1569003,0.5503063,-0.2749177,0.1372169,-0.2588724,0.004400134,0.5367186,-0.1672567,0.8192844,0.4304757,0.9246304,0.9341807,-0.8040798,-0.5866323,-0.3518287,0.2642359,-0.5377188,-0.2480367,0.7291059,0.4957652,-0.01176751,-0.04041445,0.8082438,-0.1562525,0.8610613,-0.4709164,-0.02645409,-0.1588703,0.2174519,0.1474382,-0.9853795,-0.9421539,-0.6480374,0.1681606,-0.7326989,-0.2635192,-0.8297706,0.3177976,0.6595297,0.8701296,0.4101233,0.2477256,0.8900807,-0.1776792,0.1958438,0.3709557,0.4872596,0.9380231,0.9565215,-0.635747,0.7226689,-0.9390833,-0.6368937,-0.3688382,-0.9228663,0.2001239,-0.06944525,-0.7456157,0.6536059,0.6644397,-0.3372105,0.8228981,-0.8864698,0.007351041,-0.4632453,-0.6915157,-0.9468269,-0.7177279,0.8080447,-0.5645041,-0.5927942,-0.2512907,0.3989296,0.2409912,0.6452501,0.438926,-0.8764422,-0.3355211,0.6917071,-0.5338144,0.2824077,-0.2805675,0.0451616,0.1953,0.02520573,0.976918,-0.3222741,0.4027908,-0.6147094,-0.5006807,-0.06946599,0.9641485,0.6333928,0.8288991,0.3466961,0.7050321,0.1834041,-0.7222462,0.5008073,0.6707506,0.7473912,0.9293456,0.6443524,-0.04259932,-0.331287,0.08196747,-0.8353045,-0.1142172,-0.4656984,0.8912103,0.9322863,-0.2037579,0.7283609,-0.5925591,-0.07001722,-0.6729941,-0.1908711,0.7946887,-0.3298172,0.4644441,-0.04317391,0.8135669,-0.4552685,0.4834864,0.9537611,0.6599257,-0.2621518,0.7661793,-0.2440366,-0.9209592,0.929276,-0.2740735,-0.577636,0.9279103,-0.2079102,-0.7981813,0.1363708,-0.4108292,-0.3059629,-0.7959397,0.3104295,0.9400549,0.4440009,-0.7961326,-0.0793587,0.2290505,0.3566146,-0.8842587,0.8390169,-0.7564943,0.7215846,-0.07868278,0.2146772,0.450592,0.4984164,0.9128828,0.4967737,-0.8262067,0.3894376,0.9728339,0.7191012,-0.6624234,-0.9753721,0.1950752,-0.05217564,-0.6221738,0.666157,0.5315654,-0.9148619,-0.02589023,0.6966941,0.6888752,-0.5492554,0.8528719,0.8952901,-0.1138765,-0.7311921,-0.8522842,0.9811196,-0.8109932,0.8470776,-0.7030039,-0.4119753,-0.5560129,-0.1615258,-0.4014465,-0.1589698,0.5332134,-0.3825418,0.3766198,0.5230501,-0.1890851,-0.6403644,0.683856,0.6817319,0.5299029,0.4133873,-0.8249159,0.4376902,-0.5207374,0.4570338,0.4756524,-0.1131905,-0.5565288,-0.06759751,-0.4655579,0.1513678,0.9671633,0.1213244,-0.3973197,-0.8367727,-0.3937603,-0.2895702,-0.4871486,-0.9509034,0.9873135,0.4953208,-0.7553928,0.7439923,-0.7662394,0.5116024,-0.5456605,-0.7414384,-0.3246609,0.8782623,-0.569855,0.6615262,0.05493414,-0.7506251,0.1912967,0.9248672,0.9386911,0.09170449,-0.5396097,0.4538235,0.3027892,0.4593188,0.5140078,0.2330154,-0.2581915,-0.4267331,0.5164075,-0.1927103,-0.086151,0.3564872,-0.02579701,0.8057938,-0.4969,0.2545392,-0.2993151,-0.9643855,0.6413836,-0.6454804,0.6743059,0.9574883,0.3850741,0.5391719,0.5932536,0.6650538,0.3068218,-0.8665922,-0.7833354,-0.8395028,-0.4678961,0.597759,0.8103194,0.7985039,-0.1540531,0.8355181,-0.655653,0.543339,-0.122229,0.08539188,-0.1581112,-0.07081449,-0.7392433,-0.02607906,0.8755,-0.3314415,0.1568104,-0.9364138,-0.418151,-0.5660839,-0.1448795,-0.1288205,0.5024836,0.5800073,0.7595379,-0.03394997,0.1930531,-0.6410377,-0.7451019,-0.05875838,0.7598126,0.5684171,-0.5523963,0.1980377,-0.752923,-0.1821738,0.7503314,-0.3255848,0.8838618,-0.2687863,0.9373262,-0.1041466,-0.3012713,0.7037551,0.3492746,0.4263408,-0.5905397,0.8126311,0.3171229,-0.658355,-0.4828788,0.7305756,0.7104979,0.01994121,0.4557943,-0.6958883,-0.9609683,0.8886952,0.6889424,-0.9955587,-0.9886906,0.3775992,-0.5956976,0.5991554,0.6866605,0.1233987,0.5035067,-0.1219541,-0.7052777,0.685055,0.2539236,0.2178868,-0.6313262,-0.1550006,0.4652714,0.510498,-0.1680206,0.4057226,-0.4631706,-0.6531396,0.9593265,-0.4027542,-0.4333116,0.8485854,-0.848042,-0.3537885,-0.7904458,0.5851803,-0.6332753,-0.5078826,-0.4931828,-0.8927541,-0.3172411,-0.8915358,-0.5034244,0.4854095,0.4078672,0.1056727,0.8921173,-0.6440525,-0.05142748,-0.1323801,-0.07553899,0.6892667,0.8272057,0.9106247,0.02267087,0.4756496,0.7738004,-0.5243256,0.6216977,0.9792302,0.2014657,0.5327923,-0.5108523,0.7184014,-0.3602239,0.5615523,0.2714805,0.8490586,0.2687564,-0.6646099,0.358293,0.4167556,0.8784537,-0.08233202,-0.9864652,-0.8259208,0.9312589,-0.2680207,-0.0870682,-0.9133778,0.7319319,0.08721101,-0.8134351,-0.4460117,-0.9804862,-0.8171575,-0.9978616,-0.2173706,-0.5875759,0.5826852,0.2142905,0.4985063,0.7418346,0.1911434,0.2826078,0.2992713,-0.869947,0.8342969,0.7417336,-0.6766663,-0.3949934,0.287126,0.8954067,-0.2908329,-0.1204029,-0.6288233,-0.08392131,0.1806804,-0.0760783,-0.1308619,0.396255,-0.770602,-0.2352957,-0.9214799,0.6657734,0.5231588,0.4364624,-0.2096432,0.1906182,-0.3278509,-0.9431672,-0.8740234,0.2085351,-0.2469987,-0.5198231,0.7445099,-0.4079043,0.001879573,-0.5666945,-0.3559052,0.3506515,0.7271583,0.5040619,-0.1046222,0.3586802,-0.7765286,-0.07004082,0.3121111,0.2895157,0.881382,0.03094685,-0.9590077,0.2193266,0.2212647,-0.9052243,0.7422087,-0.05278552,0.2529897,-0.3161372,0.5997398,0.2177447,0.9112613,-0.1523174,0.1369132,0.03334463,0.2320915,-0.1042923,0.3709113,0.3254902,-0.558749,-0.6954184,0.1314999,-0.6490021,0.3845,0.3542528,-0.5209517,-0.2274646,0.8326378,-0.5577886,-0.8142149,-0.7666683,0.6468508,0.3495176,0.8994522,-0.2684666,-0.1105067,0.5232062,-0.4064423,-0.2967066,-0.2888564,0.2242707,0.7995608,0.4469971,-0.348471,-0.837302,-0.2144815,0.7509892,0.5732636,-0.3165344,0.3139283,-0.6356852,0.2245206,0.08693659,0.9105418,-0.7044184,-0.3771306,0.9746425,-0.898963,0.2372013,-0.3196443,-0.3547376,-0.5592358,0.7238655,0.30722,-0.8320081,-0.2248875,-0.7226248,0.8605762,0.5756717,0.04249299,0.1534613,0.8339443,0.9636376,0.3073294,0.5119212,-0.168027,0.6074703,0.9621704,0.6040788,-0.007114768,-0.5809546,0.1647698,0.2699129,0.4421904,0.2062191,0.2973602,0.2838769,-0.8275795,-0.04081786,0.09547627,-0.242932,-0.333083,-0.9138908,0.601079,0.005370736,-0.6787961,0.95346,0.9027691,-0.5371346,0.1286048,-0.5461178,0.3237548,-0.8133161,-0.03599274,0.2426223,-0.530879,-0.9621289,-0.06788695,0.1115412,-0.371704,0.6556544,-0.6290195,0.4399087,0.6565735,-0.2063814,0.4787502,0.8796184,0.6014547,-0.5947211,-0.3718454,-0.835248,-0.1613523,0.5155358,0.6031663,-0.6300216,-0.2202653,-0.1911997,-0.7289317,0.3325572,-0.4790927,0.7921815,0.3102643,-0.4079517,-0.8214703,-0.01699531,-0.5816667,0.5683193,-0.2018028,-0.8917854,0.8885953,-0.4665016,0.8513417,-0.1633564,-0.4893645,-0.2620083,0.4042031,0.7292883,0.3010132,-0.0227195,0.3800459,0.917058,-0.5255041,-0.4818381,0.147534,-0.4969696,0.4174957,-0.8999953,-0.7443852,-0.07996452,0.6199236,0.05674469,0.9185483,0.6630239,0.5525987,-0.6793385,-0.4835752,-0.6060667,0.7628393,-0.3335572,-0.3717016,-0.2652601,0.1467918,0.5106523,-0.6905363,0.7202597,0.08257806,0.5278213,0.01388133,-0.1169904,0.9043274,0.7725685,-0.1760925,-0.5727201,-0.3801733,-0.7853668,-0.8150427,0.01165187,-0.8272653,0.2915291,-0.7820785,-0.6912246,-0.358183,-0.9297495,-0.07999122,0.1011325,-0.5552886,0.3597912,-0.8410223,0.9357023,-0.6000381,0.3197789,-0.7162378,-0.3371359,0.999042,0.4049482,0.2774772,0.4847593,0.06176436,0.3487332,-0.5446596,0.1734232,-0.3320497,0.8835235,-0.5166461,0.1881822,0.8894727,-0.3988189,0.3100514,-0.6915164,-0.7164297,0.5732825,-0.3423277,-0.05689538,0.8731542,0.3342097,0.2748909,0.5194747,0.9802632,-0.8891158,0.6563678,-0.3956007,0.7902176,-0.9529479,-0.01449859,-0.9503021,0.5255914,0.2035826,0.5090504,-0.6196971,0.9039738,0.138465,-0.4899155,0.6698339,-0.1714529,-0.4126827,0.8977997,-0.9330854,0.6336365,-0.2608107,-0.5307019,-0.1535484,0.3025877,-0.9179585,-0.04957402,-0.3883399,-0.584456,-0.4592892,-0.737618,-0.5482183,-0.326907,0.04574311,-0.6715739,-0.1507994,-0.456586,0.8631711,-0.6346142,0.3070991,0.8632727,-0.5220134,-0.4191664,0.6869066,0.4305613,0.5715463,0.4294476,-0.3047568,-0.7304037,-0.4417671,0.6553347,0.3149152,0.3653233,0.4705252,0.6030142,0.4805903,0.294389,-0.9088151,-0.4721791,-0.5206513,-0.3722264,-0.9210074,0.02019846,0.9489734,-0.5725198,-0.4124061,-0.9884787,-0.2191767,0.9585073,-0.1771415,0.9577293,-0.1900033,0.3247938,-0.8021715,0.6743555,0.7035265,-0.701854,0.3300817,-0.9112282,-0.7193427,0.8882792,0.05967867,-0.4828321,0.891535,-0.4385964,-0.1521689,-0.8826118,0.63692,0.558254,0.7289779,-0.836231,-0.5839903,0.1867732,-0.04609001,-0.6685834,0.7334738,0.7697246,0.2099465,-0.3423256,0.2630517,-0.3104395,-0.7816877,0.644578,-0.3626684,0.1064137,0.4572737,-0.1883889,0.8920171,0.1601473,-0.8283617,0.06732547,-0.618494,-0.3632828,0.04389203,0.9576893,0.003070235,0.5704529,0.9985564,-0.8245189,-0.5526075,0.9013135,-0.3104423,0.7338836,-0.8292813,0.3785844,0.7280891,-0.2617842,-0.6668634,-0.9117923,-0.5614362,0.6017995,0.1667567,0.3305964,-0.9488909,0.2141196,-0.6001921,-0.0110594,0.3165435,-0.08502853,0.1879059,0.9972439,0.9165981,-0.9488506,-0.3972284,0.3672909,-0.7131312,-0.3443822,0.6833007,0.4371569,-0.5290549,0.8893936,0.006337047,-0.3358749,0.2580206,0.3960983,0.1060821,-0.2456616,-0.9240956,-0.7745485,-0.5648546,0.7538443,-0.7367346,-0.9428971,-0.7693365,0.6272533,0.695627,0.5784113,0.7860837,0.6867235,-0.944401,-0.6746645,0.7820358,0.8379869,-0.5994523,0.6653085,0.2564032,0.1973418,0.4464934,0.5703435,0.9252384,-0.1697873,0.5731847,-0.4552125,-0.2036623,-0.01819098,-0.7339277,0.9278071,-0.9366004,-0.3682016,0.8042879,-0.9307683,0.9920216,0.8791664,-0.06236064,-0.815295,-0.7884481,-0.3575245,-0.3833138,0.5394301,0.02072084,-0.02178824,0.2527361,-0.9092014,-0.1229695,0.55317,0.6621854,-0.9073548,-0.3691548,-0.8300736,0.6034687,0.6272266,-0.3654071,0.4060943,0.2754087,-0.5624714,0.1345145,-0.5101845,0.9436009,-0.1213902,0.08955705,-0.4650038,0.400037,0.3967533,-0.481402,-0.956033,-0.4153055,-0.652246,0.4829414,0.1245378,-0.1728374,0.8419042,-0.5389323,-0.08538544,-0.005880237,-0.3818282,0.9003458,0.04241979,0.2759309,-0.9214544,0.3528385,0.7000477,0.792902,-0.5195398,0.968545,0.9627159,-0.9686177,-0.4024278,0.7945242,-0.3464972,0.7978704,-0.7954717,0.8082244,-0.5437822,-0.4420112,-0.8374946,-0.6329536,-0.5909741,-0.1384927,0.7046084,-0.03819406,-0.8574972,-0.07954609,-0.1761945,0.8614388,0.6090882,0.9268839,-0.1359454,0.7012322,-0.7129133,-0.1812309,0.9087775,0.7856743,0.147828,0.5105853,-0.6252196,0.006131768,0.2967579,0.3145032,0.2667045,-0.5990067,0.7392118,0.2845072,-0.1007408,-0.1410409,-0.5819933,0.4513197,0.407077,0.3120801,0.5045979,-0.7861409,0.9121804,-0.5948434,0.6834445,-0.5452752,-0.6828799,0.5532341,-0.489415,-0.6130097,-0.6587491,0.3201077,-0.3916072,-0.7025099,-0.5544605,0.5230153,0.3907187,0.4215572,0.08024919,0.2790069,-0.5731518,0.3746643,-0.430266,-0.6427665,0.8722644,-0.3780915,0.4922528,0.6467276,-0.1063787,-0.516969,-0.848017,0.2482113,0.7867284,0.9323394,-0.9935877,0.9104548,-0.8886502,0.7681899,-0.6879382,-0.6567402,0.5243948,0.3695914,-0.3503443,0.0548383,0.209314,-0.6615798,0.2064186,0.5494735,-0.5227561,-0.3821594,-0.9003251,0.9526742,-0.9847782,0.6261988,-0.2345344,0.1141373,-0.6192176,-0.4262348,-0.3813695,-0.08078396,-0.7255545,-0.597229,-0.3378774,0.4108216,-0.08704031,0.07078016,-0.9226587,-0.8428569,-0.3703481,-0.7656968,-0.4331533,-0.6221294,0.8673859,0.05619133,0.7572491,-0.5175261,-0.406423,-0.578546,0.3279259,-0.02633774,-0.785428,0.5286393,-0.6487575,0.168317,-0.5814636,-0.7717903,0.6433916,-0.2935504,0.4888971,0.4204268,-0.5021403,0.07415521,-0.002371192,-0.4669791,-0.2364932,0.873652,0.4205284,-0.4979082,-0.1484851,-0.7501676,-0.3680283,0.2309085,-0.326142,-0.3563014,0.8935344,-0.9025495,-0.4473716,0.540772,0.835659,0.8311892,0.5180397,0.292664,0.5172312,0.9030349,-0.04140604,-0.9392643,-0.9326541,-0.3483669,0.6776569,-0.9539731,-0.9003415,-0.6395078,-0.1315576,-0.4259301,0.9089553,-0.245993,0.3543637,0.8074465,-0.3031071,0.1688198,0.6715181,-0.3072714,-0.2955958,-0.9392655,-0.319044,0.250257,0.135342,-0.04197133,-0.7725956,0.6144459,-0.3221971,-0.5908771,0.3204596,0.2970702,-0.4026467,-0.6416762,0.3902189,0.4953589,-0.7009156,-0.6699927,-0.614898,-0.2345139,-0.04797566,-0.1532234,-0.6056802,0.841023,0.1448084,-0.4461051,0.7107234,0.6138072,0.5730803,-0.2423908,-0.7112916,-0.3524791,0.228099,-0.06253493,0.5682023,-0.650672,-0.574317,0.421088,-0.1584531,0.3268609,0.7664869,0.7796438,0.007714152,-0.2376617,-0.2937185,-0.3594059,-0.6686571,-0.9814186,-0.1311694,-0.6674855,-0.1793872,0.7917087,0.5798709,0.487451,0.05300105,-0.7304955,-0.4938079,-0.5369456,0.505425,0.8998313,-0.05646813,0.5895936,0.5125268,-0.1370858,0.577142,-0.1118425,0.4828081,0.7235935,0.4078588,0.8484657,0.6932809,0.06020582,0.9614639,-0.542532,0.4795696,0.3072405,-0.1878735,-0.1830903,-0.9045765,-0.8634152,-0.05999935,-0.5012038,0.5064421,0.03595817,-0.72894,-0.7976851,-0.5165277,0.4691555,0.4522776,-0.6900346,0.938796,-0.9490621,-0.6389081,0.003044963,0.5647151,0.6939952,0.992723,-0.5633414,-0.386151,-0.003292441,0.4336919,-0.9369674,-0.4409672,0.5864351,0.598217,0.3880212,0.1500713,0.9549458,-0.8665576,-0.3271657,0.5645895,-0.6944139,0.4258167,0.2840368,0.2767155,-0.6154618,-0.05176771,0.6952219,-0.6634922,-0.8006918,0.8602316,-0.009436488,0.9129004,0.228402,-0.5333378,0.2283245,-0.3937298,0.8898296,-0.4356152,0.9818079,0.8251336,0.232546,-0.9968259,0.6358004,0.1178197,-0.2204555,0.2958877,-0.9428968,0.9595211,-0.5483112,-0.5761182,-0.0699333,-0.9604254,-0.4461166,0.3176408,-0.2593144,0.3369052,-0.3316082,0.1123108,0.5624633,-0.6795819,0.5895479,-0.1078728,-0.3002857,0.492584,0.689579,0.5110669,0.4832451,-0.7440701,0.4495489,-0.1998271,-0.9434299,0.1429955,-0.1114336,0.6114225,0.2282234,0.6870596,0.786469,0.6541088,-0.5006416,-0.4622971,0.7872217,0.4761872,-0.6202075,0.8916574,-0.9103799,0.3601441,-0.08498967,0.02642214,0.09782493,0.0332607,0.4728009,-0.5226507,-0.631933,-0.5019519,-0.3815657,-0.3317131,-0.3136531,0.4880917,-0.8779809,0.1041063,-0.3228081,0.7567575,0.8519368,0.2003452,-0.2578884,0.5021811,-0.4615899,-0.5727706,0.1471657,-0.758837,-0.3213302,-0.7754602,-0.8761597,0.5526791,-0.3051699,0.5114768,0.7447546,-0.4405507,0.9858837,-0.5400212,0.3758421,0.08051622,0.6125464,-0.7328269,-0.5081658,0.9432795,-0.6995988,-0.8814967,0.2127963,0.09903443,0.837743,0.4185753,-0.1829087,0.1606356,-0.2591292,-0.1195866,0.8066931,0.4659157,-0.2710732,0.6095848,0.4932193,0.6630435,-0.9730384,0.8229787,-0.2998179,0.8718684,0.4743704,-0.1924065,0.6081378,0.510551,0.5545139,-0.08781064,-0.07912099,-0.4821683,-0.6658998,0.08238733,0.4548673,0.01624596,0.4272816,0.2778094,-0.6758227,-0.9248273,0.1505419,0.04064262,-0.5505025,0.35748,-0.9020638,-0.01136696,0.7692106,-0.1871156,-0.7924883,0.922842,-0.03260148,0.5643201,0.3924854,-0.887568,0.9124479,0.7264652,-0.06166232,0.8994327,-0.5941269,-0.8101754,-0.02004325,0.38658,-0.3905545,-0.6696424,0.7255657,-0.7539835,-0.4968938,-0.7648566,-0.4731053,-0.06229651,-0.7233117,-0.8841083,0.3531491,0.2361864,-0.06121123,0.7198398,0.2328166,-0.3954083,-0.3622431,0.02210128,-0.8240936,-0.510875,0.642957,0.65658,-0.9194961,-0.505933,0.1533922,-0.7940729,-0.1341697,0.637207,-0.4662167,0.6274869,0.5578401,-0.7847526,-0.8894093,-0.142526,0.907726,-0.06957877,0.6535125,-0.9957225,-0.1399106,-0.6731291,0.06938541,0.02699935,-0.368558,-0.9463487,-0.9729066,0.1462957,-0.069085,0.6679549,0.1308829,-0.8930759,0.956171,-0.3403326,0.1260866,0.1908027,-0.03402793,0.2582814,0.354063,0.8678439,-0.8658583,-0.4048518,-0.9127169,0.03479421,-0.316718,0.03901112,-0.474507,-0.03084242,0.2025613,0.2493349,-0.7021065,-0.6106172,0.9366074,-0.419031,-0.5369618,-0.3494219,-0.3626426,0.109017,-0.5455027,-0.3658348,-0.3033582,-0.8287895,-0.5122869,-0.6652217,0.4343447,-0.1334912,0.1005019,-0.4768068,-0.06345999,-0.4444026,0.1675917,0.2087938,0.9166307,0.6830173,-0.1236886,-0.9390144,-0.8519387,-0.0706588,-0.7575889,0.4495496,-0.9014988,-0.7527165,0.9625859,-0.6022379,-0.326733,0.1512264,0.6255984,0.5962689,-0.9566329,-0.05002868,-0.8513203,0.8699236,0.2092599,0.8324599,-0.06153691,0.2683489,-0.5204883,0.2831986,-0.9301832,-0.2275327,0.8488297,0.563817,0.1144272,0.1213197,0.9239461,0.2095014,0.5122421,0.8011289,0.9124737,0.09042346,0.02696478,0.6671662,0.9792581,0.9539528,0.9436581,-0.4464799,0.9783864,-0.03248894,-0.2277251,0.8779092,0.127458,0.002699733,0.2034043,0.3432359,0.5536909,0.3544655,-0.6036384,-0.8070858,0.6004066,-0.9685678,0.5602274,0.6558909,-0.9696701,-0.506175,-0.1180722,-0.9723744,-0.4723557,-0.145641,0.7793677,0.6708975,0.8255029,0.2765705,-0.5313225,0.4120238,-0.04542148,-0.5654204,0.176246,-0.219546,0.6158037,0.8055897,-0.1678208,-0.4416269,0.4983186,-0.4554714,0.9343424,0.0507139,0.816381,0.006876826,-0.1758758,0.2892117,0.923454,0.6243186,-0.2100726,-0.9562604,-0.3188931,0.1258875,-0.748327,-0.5119989,-0.2473251,-0.8007417,-0.5585189,-0.7047758,0.7530522,-0.7069516,-0.1912497,-0.79475,0.9438736,-0.854295,0.994751,0.14244,0.002580285,-0.4585129,-0.9005079,-0.2716211,0.2440559,0.09247696,-0.6657712,-0.1067935,-0.6571558,0.3776025,-0.5250506,-0.8688586,-0.6206949,-0.3906831,0.6040099,0.8294756,0.6824605,0.02266872,0.5573752,-0.9765842,0.5033727,0.8944719,-0.3241018,-0.1503156,0.6017623,0.5944271,-0.9818976,0.8383856,0.249549,-0.2044319,0.2212068,-0.2901751,0.5774164,0.6764424,0.272577,0.6327467,0.4338224,-0.8966799,0.4848168,0.8316875,0.7391267,0.4038324,-0.4641789,0.9404051,-0.8171358,-0.915056,-0.4079779,0.9075902,0.07671463,0.1742872,0.3419668,-0.8969259,0.5279236,0.9243162,-0.9083757,0.5806484,-0.2308306,-0.2315077,0.3027446,0.3408436,0.05471146,-0.1534921,0.1765147,-0.2692634,-0.621825,-0.2558528,-0.3679196,-0.6462831,0.4379732,0.3407287,0.6503944,-0.6736388,-0.4997271,-0.1242479,-0.1219355,0.09567559,0.10577,0.5253065,0.4569232,0.7730994,-0.9509051,0.04483998,0.157708,-0.1108183,0.1260246,0.8383069,0.6378338,-0.04667366,-0.835736,0.3666432,-0.2437822,-0.8168828,0.03575552,-0.9071968,-0.6499462,-0.6938143,0.09824979,-0.8075707,0.9583271,-0.6328454,0.350089,-0.8409088,0.467664,0.4744191,-0.5776918,0.9408548,0.818269,-0.5753384,0.6536357,0.3050615,0.09232128,-0.8680542,-0.1620129,-0.8535531,0.8056114,0.3992996,0.4871766,-0.3190731,-0.8419378,0.8171346,-0.6021814,0.7187545,0.2640106,-0.8753767,0.8872402,-0.5666466,0.06730592,0.6612549,-0.9927504,-0.06688774,-0.6533873,0.8818829,0.03194177,-0.3167347,-0.3692786,0.2109212,-0.7219422,0.8433273,0.3445444,-0.2107652,-0.8262093,0.8950193,0.7720873,-0.6906145,-0.5605106,0.8880134,-0.7029982,0.5220292,0.9937935,-0.2932054,-0.3969852,-0.5447779,0.4514861,0.6861351,0.4397423,-0.0552448,0.06812823,-0.2958483,-0.8403378,-0.199572,0.6545444,-0.1118571,-0.7498412,-0.6807358,-0.7078001,-0.2988528,0.243138,-0.7567728,0.4539232,-0.5972233,0.05447805,-0.7553449,-0.03053701,-0.3565403,-0.9311509,0.749567,-0.4540652,0.3999741,0.4387319,0.2259191,-0.6729767,-0.9684098,-0.6866612,-0.2006179,-0.4587506,0.360949,-0.2714864,-0.2769033,-0.7515941,0.9631264,-0.8228292,0.1050555,-0.306621,0.9427452,0.5320487,0.9284968,0.4945812,-0.182779,0.3653128,0.9357445,-0.912961,-0.4324437,0.8473125,0.1854542,0.6674452,-0.5327654,0.5010624,-0.2243077,-0.1554745,-0.06817281,0.2407495,-0.4643279,0.5187247,-0.6519971,0.8620653,0.6502175,0.6645494,0.1645871,-0.4896466,0.3741147,-0.6030223,-0.6290014,0.3507549,0.675451,-0.05894244,-0.4940914,-0.07875931,0.3259296,0.458405,-0.8987992,0.5588577,-0.9365745,-0.6605792,-0.5144639,0.4455235,0.2287706,-0.8549328,-0.5405591,0.3600371,0.1739131,0.294955,-0.7359841,-0.3164815,0.06106651,-0.4211105,0.4429311,-0.420468,0.6938663,0.5627475,-0.1245314,-0.8052981,-0.7676611,0.6947184,0.6265173,0.009934306,-0.8494554,0.3516841,0.4363126,0.5082967,0.6651769,0.4488907,0.07251275,-0.8341498,-0.4230367,-0.4336182,-0.2641672,0.003854632,-0.3488628,0.3282909,0.3671989,-0.8324466,0.009695888,0.0614723,0.2628407,0.4240322,0.8477762,-0.759937,0.3016197,-0.5929153,-0.569428,-0.7777524,-0.05951083,-0.911556,0.3631532,0.8704407,-0.1719083,-0.9518192,0.7457223,-0.9041419,-0.5053811,-0.4347433,-0.3924633,0.720248,-0.7619321,0.2113038,0.4968965,0.2990553,0.3664858,0.4938039,-0.1585435,0.6010377,0.0851692,-0.3180696,-0.4776698,-0.7431772,0.664993,0.3181705,-0.7323217,-0.7276461,-0.5072148,0.8636696,-0.7221336,0.6192658,0.167785,0.7245126,-0.6738942,0.6467021,0.4152689,-0.5076599,0.4916291,0.72595,0.7455685,0.2760651,-0.3515838,-0.1575681,0.8693748,-0.290433,0.9599955,-0.3941427,0.8457835,-0.3132926,0.6630254,-0.3940982,-0.06130731,-0.07331789,-0.3559216,-0.8416307,-0.3775657,0.6457124,-0.6765673,-0.02727664,0.5184009,-0.2139503,0.5160501,0.660007,0.7700999,-0.557992,-0.4102992,-0.3608581,0.2898924,-0.9380836,0.6379287,-0.01187027,0.2775006,-0.1014227,0.7144804,0.5222838,0.4521925,-0.6628237,0.1539651,-0.6111348,-0.7951224,0.497107,-0.4372255,-0.7167292,-0.2673277,0.28443,0.1607035,0.1420718,0.6900761,0.814826,0.2395338,-0.780344,-0.9263573,0.4622466,0.1030406,0.7770154,0.6905141,0.5514519,-0.1644171,-0.1401316,-0.1435937,0.6067419,-0.9021392,0.01643193,0.3418934,-0.3568386,-0.8561389,-0.6364655,-0.8848329,0.7720354,0.9900074,-0.4441725,0.7586534,0.1323243,-0.8424957,0.7386849,-0.6034057,-0.007289529,0.801182,-0.1926872,0.6048639,0.099002,0.4819159,0.8527894,-0.8540421,-0.8358736,-0.8815193,-0.03061998,-0.1811739,0.5788293,-0.5211775,-0.9328091,-0.7482972,0.6945405,-0.6365907,-0.6060097,-0.9161963,-0.8981631,0.5090246,-0.03058708,-0.5398533,-0.5355158,-0.6389675,-0.9841816,-0.2631234,0.6669447,-0.7854154,0.7878437,-0.3786367,-0.2856563,0.8483579,0.8369687,0.7597589,-0.3630248,-0.604228,0.8830082,0.2038633,0.8648362,0.7422259,-0.2382361,-0.1696376,0.009373069,-0.8987813,0.4294274,-0.4278535,-0.452202,0.6218398,0.7704403,-0.4075929,0.1538631,0.2232586,0.7066905,-0.877068,0.4955764,-0.1779941,0.4975357,-0.3420326,0.4835767,-0.7119098,0.4321384,-0.6421633,0.6487143,-0.7977524,-0.9158857,0.4198754,-0.4099854,0.159206,0.7461615,0.997319,-0.1585683,-0.6745923,-0.9111185,-0.5053108,-0.6535552,-0.6602206,0.5145102,0.4519114,0.7428367,0.3962032,0.4367921,0.7008066,-0.9542768,-0.1556565,0.5428684,0.005752683,-0.7374508,0.02231371,0.7820201,0.6638095,-0.9445615,-0.5478091,-0.991688,0.360167,-0.7652268,0.6093566,-0.02730787,0.1363209,0.1973737,0.3725526,-0.2256209,-0.5085435,0.7365453,0.7210708,-0.4514071,0.02930558,0.4978082,-0.7882535,-0.2893356,0.09228146,0.2293142,-0.9403803,-0.03318274,0.5702178,-0.752279,-0.8988209,-0.8192592,0.03035939,0.3473694,-0.7293167,0.0278374,0.314686,0.8280742,0.6517301,-0.4022509,0.2917609,0.1805261,0.6391602,-0.6459253,0.6334071,0.4817161,0.6094065,0.7616885,-0.4704882,-0.8337352,-0.5027409,-0.7430184,0.2503721,-0.8175325,-0.4974285,0.7698393,-0.03224266,0.4108958,0.4232757,-0.3239077,-0.8266313,0.6967828,-0.3843325,-0.3691391,-0.7660682,-0.2821451,0.08238804,0.7294469,0.9525316,-0.6629748,-0.9609504,-0.144292,-0.6981978,0.60625,-0.1393846,-0.152774,0.2366391,0.5321863,0.8992338,-0.3848876,0.1383854,-0.5560281,-0.7000763,-0.9509068,-0.4671797,-0.1803049,-0.6429689,0.2198983,0.541347,0.3018994,-0.8746862,0.7238581,-0.01098001,0.06052053,-0.9333384,-0.5396016,-0.1145874,-0.4246103,0.8886223,-0.8936722,0.5665016,-0.6284409,0.0229677,0.1618403,0.07947147,0.4206333,-0.7657151,0.6811192,0.7518883,0.3021056,0.9137135,-0.4835938,-0.5001283,0.5977225,0.3083753,0.3996026,-0.3337857,-0.7865145,0.1011368,0.5010026,-0.2883154,0.5159802,0.09833276,0.379194,0.8818293,-0.193163,-0.08198154,0.4583404,-0.2933172,-0.3343419,0.6231897,0.1061541,-0.5880039,0.282959,-0.7705789,0.597527,-0.03654253,0.7778754,-0.9339781,-0.2019597,-0.6481862,0.2946279,0.1425167,-0.1405038,-0.3384649,0.389065,-0.6996317,0.9356587,0.8209395,0.5331142,0.7272351,0.431838,0.3693468,-0.4622589,0.09243524,-0.01143777,-0.9807184,0.2329038,-0.8323488,-0.2701062,0.227523,0.0109235,-0.7006605,-0.6068368,-0.914417,0.8089135,-0.7317038,-0.1484874,0.4579689,-0.3026711,0.7169125,0.5735016,0.549921,0.06086648,-0.4716972,0.6298501,-0.6844096,0.6918752,-0.1887175,0.5561843,0.2917173,0.5436733,-0.2808627,0.3530769,-0.09712803,-0.9392571,0.5346527,-0.6822369,-0.706598,-0.3888985,-0.4367727,-0.8644953,0.5793755,0.5938098,-0.5119019,-0.6003256,-0.5758038,0.5087564,0.107319,0.8711319,-0.8888187,-0.9890847,0.1845893,0.08768237,-0.7703791,-0.5989957,0.8334422,0.9816244,-0.2019213,-0.7485893,0.834933,0.04174411,-0.7605946,-0.14666,-0.2860652,0.03758752,-0.4927303,0.4885871,-0.7487688,-0.8325722,-0.5851858,-0.04371583,0.1944185,-0.8055401,-0.7802784,-0.08484352,-0.4779035,-0.6980252,-0.414591,0.5738397,0.5477619,-0.4105908,-0.9065223,0.6584868,0.797466,0.5599687,0.8305428,0.2343131,0.05062234,0.305556,-0.420247,-0.848603,0.6495733,0.02981317,-0.2350167,0.1816846,-0.7793791,0.9649861,-0.5255878,-0.9464128,-0.02014554,0.8782716,0.212967,0.3580215,-0.6145713,-0.7720077,0.6638858,0.9377661,-0.7264414,0.8177633,-0.4610125,-0.6649435,-0.2881523,-0.2372135,0.4031288,-0.3024768,0.9255996,0.9865654,-0.8415923,-0.8310547,-0.4083427,0.601701,-0.1331962,0.8468685,-0.2246195,0.8096778,0.7732289,-0.3969609,0.5453341,-0.2374476,0.6097646,0.07004058,0.9509246,0.7980995,-0.8537614,0.5058651,-0.5777118,-0.05976427,0.5372527,-0.2070016,-0.3076538,-0.864038,0.9445932,0.9521911,0.4577188,0.5957963,-0.1464425,0.8623116,-0.187842,0.7192354,0.5613096,-0.5187662,-0.7201972,0.8709497,-0.7316494,0.7228396,-0.2708758,-0.4605988,-0.710149,0.4795298,-0.7320328,0.1068565,-0.2671441,-0.2114879,-0.9222803,-0.911762,-0.03689253,-0.1780871,0.3494904,-0.3390204,-0.2229401,-0.3193945,0.1252428,0.8893616,-0.8759046,0.7263939,0.421791,0.707803,-0.5882375,-0.7144461,0.8199179,-0.5534799,0.8288496,-0.03433096,-0.7134237,-0.4907333,0.3569617,0.7963965,0.0652777,0.5413213,-0.4864312,-0.7450304,-0.6914048,0.9710732,0.2475392,-0.236035,0.7511318,-0.4201044,-0.4870166,0.4509685,-0.8912663,0.1043526,-0.6305263,0.7502267,0.6984799,0.900106,-0.3796412,0.1782502,0.7127521,-0.8035417,0.5814474,0.4269731,-0.7652709,-0.8254015,0.4959874,0.4936545,0.239194,-0.2747914,-0.3203419,0.4170472,-0.07107151,-0.9074173,-0.7987261,0.7442963,-0.4687868,-0.9859748,0.3189165,0.4818124,0.7307086,0.5203612,-0.3090261,-0.1472727,0.3962981,-0.6360753,-0.9331636,0.8087897,0.8239257,-0.03175676,0.6787591,-0.7675407,-0.2662081,0.5557189,-0.5411417,-0.3785404,-0.888521,0.8899584,0.8150945,0.601613,0.2955656,0.122511,-0.08801544,-0.8716433,0.4938509,-0.5565331,0.08287394,-0.1380957,-0.7004638,-0.9643428,0.7396665,-0.8278918,0.4553237,-0.7641993,0.6651359,0.9142187,-0.3296853,-0.2087044,0.670825,-0.009731889,-0.1971291,0.4994735,0.09115946,0.7489293,-0.3551902,-0.1450189,0.7879469,-0.9421589,-0.2121905,0.9631243,0.2510373,-0.5095971,-0.6612959,0.2873864,0.980849,-0.3955508,-0.04211771,-0.1702145,-0.5887659,-0.1725041,-0.2595586,-0.1447655,0.2210027,-0.00221765,0.8551097,0.6104074,0.5476453,-0.8128729,-0.7343338,-0.9031656,-0.07338798,-0.8699033,-0.9891047,0.01197207,-0.6839542,0.7022495,0.2391657,0.1379818,0.2339853,0.1139177,-0.1041123,0.2027026,-0.4067825,0.9971759,-0.8155239,0.1019207,-0.1990622,-0.1775106,0.5879843,-0.8805408,0.7241359,0.04711497,-0.7640057,-0.5192635,-0.7533164,-0.9392278,0.2176448,0.3125891,-0.9255383,-0.09779203,0.4578552,-0.2619058,-0.7940109,-0.3133887,-0.7904453,0.6872611,-0.6506033,0.8516428,0.3346808,-0.4963139,0.09699237,0.6297154,0.2406789,0.7765119,0.1018232,-0.04994619,-0.4756962,-0.4821895,0.109109,-0.02201641,0.0911063,-0.129357,0.4444513,0.04232037,0.1560775,-0.7612422,0.1154069,0.3937325,-0.01383483,0.1333896,-0.9189255,0.2893886,0.6483774,0.9742558,-0.547354,-0.4191834,0.07538188,-0.1473542,0.09476316,-0.4809505,-0.4866625,-0.8574982,0.7578335,-0.2332751,-0.132579,0.6091263,0.2147046,-0.6063516,-0.9524601,-0.301314,-0.6030574,0.133104,-0.08659756,0.5233779,-0.2075397,0.5230315,0.9748693,0.9712324,-0.9955161,0.902596,-0.9461737,-0.9104595,0.7738671,-0.8738639,0.3482969,0.2882998,0.4444227,0.6657603,0.5818861,0.3989694,0.1865522,-0.3856436,-0.9755256,-0.4118222,-0.9485323,0.9347603,-0.1368481,0.5644801,-0.1741506,0.1645836,-0.4616119,-0.02023304,-0.3476816,-0.02393377,0.3298268,-0.05973995,0.327708,0.2343327,0.6780288,-0.3235136,0.3902695,0.1372684,-0.4621407,0.5957272,-0.261892,0.1715115,-0.5378323,0.9761908,-0.14338,0.6545308,-0.05309236,0.9540262,0.6033988,-0.6455209,-0.02650344,-0.7999876,0.06976426,0.827745,0.9735427,0.7186837,0.9576991,0.861522,0.035833,-0.7897706,-0.5694709,-0.3399235,0.9342496,-0.2072705,-0.3200449,0.1699542,-0.5157325,-0.5914724,0.5267344,0.6514606,-0.5897393,0.105888,0.3153336,0.8259964,-0.4103657,-0.5719314,-0.3968171,0.5335784,-0.1427585,-0.315127,-0.9801595,0.8610072,-0.01812494,0.5109453,-0.6361647,0.9470289,0.6563673,-0.4785782,-0.2675611,0.8370647,0.8078911,-0.2820524,-0.4364301,0.9276528,0.01262128,0.6610143,-0.1042074,-0.7533939,-0.1418847,0.6072955,0.3104574,-0.07929218,-0.1629697,-0.6770253,-0.5848548,-0.9576023,0.5885842,0.2693832,0.5367308,0.8427114,-0.7567775,-0.2645005,-0.4737157,-0.5615706,-0.03629601,-0.2272421,-0.9648767,0.2905819,-0.6805842,0.06859863,-0.8815849,-0.6133409,-0.3408612,-0.5880685,0.8052721,-0.2744018,0.9256847,0.5654702,-0.1560897,-0.4020818,-0.029019,0.4165985,-0.9982753,0.001421809,0.2149824,0.7038686,-0.6656737,-0.2214252,0.148374,0.290358,-0.4130603,-0.9992411,0.6554174,-0.784621,0.04256833,0.2683308,0.038149,0.4899299,-0.712847,-0.8469214,-0.6073406,0.927748,-0.4268266,0.7541416,-0.941025,0.7197001,-0.5374291,0.1397969,-0.03925288,-0.7278104,0.3935191,-0.7278266,-0.1985792,0.3767278,-0.5426505,0.5027969,0.4966683,0.09441936,-0.5574374,-0.4776856,-0.3992914,0.1529132,-0.9907393,0.3417973,0.2612869,0.5522606,0.6043842,-0.1235217,-0.04116523,-0.4560641,-0.5042727,-0.2098285,-0.750108,0.978564,0.0426017,-0.2369951,-0.6248631,-0.7246132,0.5205386,0.09434044,0.506958,-0.5611317,-0.7475817,0.8728218,0.6288226,0.106758,0.5574305,-0.3120993,0.5657837,-0.3439623,-0.3001529,-0.7142069,0.6610727,0.388365,0.7766986,-0.1670204,0.2512085,0.05479515,-0.6092501,0.7935159,0.05306637,0.7684875,0.3089378,-0.2335545,0.9472251,-0.2106518,-0.1134166,0.374923,-0.284793,0.979682,0.1497246,0.08158362,0.07738006,0.9830334,-0.5673182,0.3168015,0.1973468,-0.2990979,0.4847758,0.6399374,0.9327481,-0.7000344,-0.5268669,0.416192,0.8564363,0.6639428,0.4623425,-0.3527447,-0.0316931,0.07597411,0.6578557,0.7997937,0.6064773,-0.950882,0.02174461,-0.338632,0.6919265,-0.9171841,0.03709877,0.7089972,0.1671778,-0.4561473,-0.8565531,-0.7497923,-0.8951657,0.428555,0.6214371,-0.6804638,-0.129079,0.7011793,0.711149,0.1984004,-0.3359281,0.2491635,0.7690585,0.1169788,-0.8141737,-0.6950638,0.4219167,0.4989803,0.3203599,0.08881104,-0.8981121,-0.02291691,-0.7657239,0.911422,-0.5729876,0.7669907,0.9535832,-0.008243203,0.4668679,-0.9247885,0.2198099,-0.202659,-0.2741424,-0.2096125,-0.2316779,-0.6605673,-0.7450376,0.9215899,-0.9217589,0.9338984,0.624541,0.5193105,-0.5461264,0.5059628,-0.9538021,0.3556812,0.6334877,-0.7804878,0.7831669,-0.7211668,-0.06108129,0.8047924,0.5178678,-0.6241412,0.0928725,-0.03611028,0.7679875,0.8022275,0.6180379,0.02268112,0.7609842,-0.2081066,0.2073983,0.1515955,-0.9252954,0.9333971,-0.2409278,-0.3042821,-0.6504653,0.2477628,0.7791848,0.6782272,0.4907174,-0.6487794,-0.7194452,0.6835833,-0.2664415,0.4128117,0.5904593,0.8970783,0.08357799,0.2614772,-0.9779243,-0.04035079,0.4616134,-0.01920879,0.1870617,0.7631574,0.1921581,-0.3623384,0.08191717,0.5271647,0.9107931,0.1384915,-0.7055392,-0.1030897,0.3825299,0.08259499,-0.6279123,0.5922968,0.4364202,-0.01050007,0.3414972,0.5564928,-0.6844006,-0.3753353,-0.7091181,-0.9208117,0.9436612,0.9052608,0.5060103,-0.2574848,-0.9188039,-0.3591262,0.3797979,0.5257409,0.7190468,-0.1709725,0.05670297,-0.3960944,-0.4598407,-0.38243,0.09070861,0.8824601,-0.74827,-0.2696611,-0.8422585,0.844173,0.3627817,-0.5903571,0.6866522,-0.3848337,-0.6004434,-0.7868972,0.7966456,0.2341596,-0.8628917,0.002547622,0.8085661,0.7839258,-0.6050465,0.4541063,-0.3762351,0.4727549,-0.2749738,0.1054186,-0.3642725,0.840627,-0.04522336,-0.4706942,-0.2012378,-0.9922862,0.3029313,-0.9839952,0.5629358,-0.7960424,0.8120692,-0.6471982,-0.6270392,0.8994436,-0.994241,-0.8892846,-0.9757423,0.5340893,-0.8393168,-0.2214147,-0.5995533,0.1428159,-0.6069791,0.4185064,-0.6696546,0.2642238,0.9916749,-0.4950811,0.9258943,-0.1958727,0.2581954,0.7306232,-0.1774184,-0.7612286,0.6883063,0.984658,0.8642948,0.1964082,-0.4037138,0.5450537,0.3842759,0.8800659,0.1871785,0.3937759,0.07907999,-0.183529,0.7649975,-0.6176391,-0.6268435,-0.8600581,-0.844703,0.5016804,-0.8889959,-0.8008869,0.865164,0.004716277,0.4922013,-0.6799302,-0.7675121,-0.8096306,0.1433879,0.188614,0.8254669,-0.9993937,-0.7465169,-0.406401,0.5231371,-0.5662675,0.0729109,0.2450768,-0.9377155,-0.5067914,0.6044827,-0.4991823,-0.4331239,-0.3037523,-0.9057159,-0.09420216,-0.708591,-0.4613088,0.5426755,-0.6867111,0.3516113,-0.1130975,-0.9006081,0.2233998,0.2956955,0.2425729,0.5967681,0.9720144,0.3691187,0.5453398,0.09675229,-0.2873703,0.6671982,-0.2454921,-0.5195935,0.6890006,0.1595639,-0.06505597,0.1772124,0.70719,0.9429109,-0.5246127,-0.5894132,-0.3560425,-0.0627085,-0.7013478,-0.1388582,0.9596875,0.1405443,0.2106858,0.08861935,-0.1119231,-0.5086911,0.08738053,-0.8563957,0.5380976,-0.1351143,-0.6554081,0.8067052,0.02613246,-0.5810769,-0.7518785,0.4739573,-0.6654017,0.9509847,-0.2428802,-0.3538126,-0.1943632,-0.1845363,-0.7044265,0.8415799,-0.4309496,-0.3198777,0.3570106,0.3129451,-0.2883114,0.8973649,0.784996,-0.858392,-0.61393,-0.3088318,0.1237453,0.7694201,-0.252787,-0.6647775,0.2819516,-0.9869213,0.8218069,-0.3586942,-0.329296,0.3571922,0.06585181,-0.6252019,0.7080824,0.05968153,-0.5724752,0.9897425,0.7215085,-0.0673579,-0.1947027,-0.2107555,-0.8405461,-0.09478366,0.8896515,-0.3577524,-0.7658317,0.3257191,-0.965266,-0.3294092,-0.4285854,-0.5800779,0.6194234,-0.03107893,-0.1039158,0.2129346,-0.04929841,0.2193862,0.7374313,-0.03836811,0.5297461,-0.7173524,0.3945436,-0.9355383,-0.4082738,-0.8227072,-0.150602,-0.8934488,-0.6575522,0.6138697,-0.8897464,-0.7546389,-0.6582887,0.2369,0.9361048,0.7143974,-0.9410491,-0.2723211,0.2948978,-0.9970608,-0.3193129,0.3109538,-0.6586947,-0.7307475,0.6112621,0.3872256,0.7846959,-0.5900381,0.1169208,-0.1288368,-0.06311071,-0.6226132,0.9189296,0.3079986,-0.8098543,-0.4003116,0.07552779,-0.5009127,0.1218001,-0.03417218,0.8201964,-0.4154977,-0.1298469,-0.9113388,0.5800099,-0.3454326,-0.2613043,0.587724,-0.05301464,-0.2413248,-0.2571641,0.4094097,0.07199371,-0.5878963,-0.9952276,0.7830739,0.2629664,0.60517,0.8283098,-0.2797672,-0.137448,-0.938031,-0.5753138,-0.55299,0.05982721,-0.5244579,-0.4558626,0.5244899,-0.2487451,0.7306161,0.454616,-0.4050928,-0.5163791,-0.944797,0.6859305,0.6164546,-0.2078341,-0.2504188,-0.522526,0.3657679,-0.09002435,-0.4667414,0.3472945,-0.3877901,-0.1624016,0.7312393,-0.3214194,0.367341,0.09894264,-0.657923,0.6201656,0.4440443,-0.1041807,0.1125644,0.1894542,-0.9214647,0.9142766,0.2074329,0.5173757,-0.173282,-0.4216629,0.1096479,0.421369,0.9211473,0.7424264,-0.3259012,-0.5840018,0.08008873,-0.2488819,-0.111354,-0.9360993,0.55567,0.2225477,0.05047286,-0.9369087,-0.8021052,-0.0865289,-0.894232,-0.3341538,-0.01532209,0.04873836,0.4346399,-0.3933822,0.6238258,-0.5319767,0.9599092,-0.3591787,-0.5563939,-0.8690407,-0.6999826,0.9318023,-0.9890265,0.1849765,0.1258179,-0.2270299,-0.3824121,0.07154596,0.7360349,0.1362869,-0.2373458,-0.06921494,-0.1290146,0.6858056,0.4217803,-0.4836472,0.800442,-0.5552328,0.5571237,0.4247641,-0.1142341,-0.985955,0.6373932,0.9993489,-0.2895032,-0.3307098,0.3805856,0.004291177,-0.5716729,-0.4056698,0.2311636,0.4545719,-0.9513953,-0.2430266,0.3536589,-0.07973707,-0.2626215,-0.06355155,-0.7996829,-0.8893256,0.5975461,0.9487939,0.5393734,-0.7201912,-0.6518972,-0.232541,-0.9233458,0.7004595,0.361433,-0.3655833,0.9607627,-0.3993136,-0.4727343,0.07969511,-0.7741258,-0.1390449,-0.7149153,0.2571091,-0.164436,0.4074256,0.7729886,-0.6602077,-0.5284393,0.06114781,0.9698553,-0.3344868,0.2694468,-0.08436549,0.3233874,0.4383809,-0.28993,-0.1472827,0.7410071,-0.888309,-0.05959189,-0.1597165,0.1078495,-0.7116792,0.7453268,-0.1195241,0.9571939,-0.7045701,0.3719511,0.865082,0.4015109,0.2660994,-0.1527773,-0.05513918,0.3645711,-0.9137368,-0.2429494,0.2365791,0.2358509,-0.1717025,-0.3833491,-0.8163419,-0.09846151,-0.4447271,-0.3468403,-0.617656,-0.3346759,-0.2377702,0.002616286,-0.6467969,-0.5105889,0.1881849,0.2471184,-0.459052,0.2153279,-0.888839,-0.5808284,0.4637327,-0.4375042,0.1729344,0.8112707,0.3552429,0.5378573,-0.8518884,0.8505535,-0.3111233,-0.7984581,-0.9599502,0.8637989,-0.341096,0.8186226,-0.1792861,-0.6692505,0.4957461,-0.4547914,0.2106887,0.8604684,0.5369072,-0.05183733,0.5662665,0.7831876,-0.3572778,-0.7060466,0.6147289,0.1750368,0.3492503,0.2273833,0.2449847,-0.981576,0.2668812,0.7448595,-0.8904216,0.2302331,0.1633753,0.5757749,0.6638136,-0.03281248,0.954855,-0.632391,-0.984103,0.6296928,-0.1184207,0.09428918,-0.2875396,0.09940326,-0.8348293,-0.7863591,0.8413312,0.9962647,-0.9988675,-0.162352,-0.8576047,-0.697664,0.7225878,-0.4241294,-0.1620694,-0.0551151,0.8489153,-0.719604,0.02787602,0.08918798,0.6750362,-0.2285842,-0.761234,-0.8969738,-0.56058,-0.03881466,-0.4860798,-0.5610261,0.08220303,-0.7862062,-0.5181944,-0.2086302,0.5663984,-0.8739378,-0.4011127,-0.1308841,-0.7293949,0.3891153,0.890238,-0.6252272,-0.4302989,0.7495205,0.3272361,0.8020291,-0.6183476,-0.4447769,-0.009867787,0.05926478,-0.3571769,-0.6968768,-0.4310876,-0.9553051,0.9358332,-0.3852097,0.8150494,-0.3067261,0.8042488,-0.8736384,-0.7630606,-0.7277725,-0.5804999,0.4390876,0.9262507,0.1193966,-0.08535945,0.3049738,-0.2185873,0.388376,0.5615911,0.7905819,-0.6018856,-0.779397,0.5117514,-0.04970944,-0.8311405,-0.4725274,0.5255604,0.9411418,0.5829365,-0.05047953,-0.9347086,-0.3128294,-0.5842547,-0.8854802,0.514194,0.5256517,0.7577755,0.6617725,0.03844011,0.8930781,0.3042726,-0.4094318,0.1740068,0.3004675,-0.5811949,0.1335157,0.1346961,0.7715788,-0.3922893,-0.3471416,0.2500226,-0.6051939,-0.2042269,-0.708205,-0.9528317,-0.9380026,-0.6443987,0.5350401,-0.8532808,0.001734853,0.2833781,0.7944162,0.05298555,0.8935592,-0.4888769,0.1175193,-0.3757054,-0.6541061,-0.5168672,0.9139941,0.8517585,-0.1291543,0.5897532,0.3409555,0.6258941,-0.6616662,-0.742183,0.9719627,0.8286462,-0.1867036,0.8602121,-0.4862686,0.2813959,-0.3168794,0.4853952,-0.4132549,0.7079854,0.6091931,-0.6560113,0.8913047,-0.9096041,0.4220283,-0.2615708,-0.3532315,0.1255571,-0.7915006,0.5749338,-0.334227,0.219436,0.1004423,-0.4499265,-0.9090352,-0.005151868,-0.002088666,0.543731,0.8124647,0.6265466,0.6506841,-0.7874632,0.737972,-0.9900296,0.4875314,0.3650067,0.07406938,0.06705916,0.7587187,-0.4328324,0.4007919,-0.9852967,-0.5275633,-0.8988881,-0.77052,0.7261195,-0.5851164,0.1920754,-0.8220859,0.8476663,0.9940972,-0.02426589,0.8454013,0.6705222,-0.2072903,-0.6401656,-0.4013146,-0.7306798,0.7807801,0.8119388,0.7496169,-0.7675292,-0.4481736,0.02365863,-0.6168706,0.8598101,0.1334952,-0.2391421,-0.6393223,0.3245952,-0.4961482,-0.5303869,-0.8455932,0.3281421,0.8473337,-0.7118061,-0.8210096,-0.5613296,-0.5354717,-0.8283813,0.8831434,0.4280677,-0.5992322,0.8434346,0.2573728,0.7396886,-0.6307116,-0.02670872,0.881614,0.142013,-0.05041182,0.5830824,-0.3304893,0.7235725,-0.9063313,0.8533263,-0.4901432,-0.5476761,0.9489388,0.8908465,0.02285945,-0.7341933,0.9961181,0.6821897,-0.03014815,0.01288354,0.9344311,0.05052412,0.8203053,-0.0644592,-0.4190892,0.5519748,-0.7389603,0.1022369,0.5512722,-0.6089079,0.1884326,-0.6886373,-0.2132851,0.06039822,0.660759,-0.2151283,0.5433464,-0.08277667,-0.09085667,-0.6834731,-0.3636516,0.3739431,0.7145891,-0.1212267,-0.6011798,0.4408612,-0.4742171,0.4261059,-0.6280885,0.4780268,0.05174696,0.1009601,0.2107099,-0.04835284,0.7501729,-0.3269876,-0.8766477,-0.5807686,0.8290946,-0.152505,-0.9932809,0.2592406,0.03209817,0.5346806,0.07843578,-0.7221179,-0.7520201,0.5457644,-0.254136,0.01897919,0.05045187,-0.7149055,0.1832334,0.6229298,0.01052082,0.008196712,0.5841501,0.8296833,0.4363494,0.02749932,0.1405543,-0.8052065,-0.1231591,0.2885379,0.556056,-0.9653969,-0.1135768,0.227646,-0.9755642,0.7587802,0.7891428,0.9887793,0.352704,-0.02588379,0.2992351,0.4224949,0.1611258,-0.1040553,0.3027088,-0.4541939,-0.1795496,0.9545662,0.1228179,0.8375328,-0.4973193,-0.6392243,-0.9296043,0.56622,-0.9738843,0.8133154,-0.8989205,-0.1204377,0.7137294,-0.9855325,0.4134829,0.6210523,-0.6958995,-0.6537144,0.4559653,0.4306419,-0.2137731,0.609097,-0.0519799,0.1100925,-0.4423014,0.741277,0.5216978,-0.3610936,-0.2761246,0.780319,-0.7014289,-0.4770614,-0.7765689,-0.4817594,-0.1217097,0.5678036,-0.3206326,0.38136,0.3607108,-0.05101454,-0.4262165,0.0678097,-0.4030899,-0.9354448,-0.05277312,0.6760955,0.975909,-0.1687204,-0.2731465,-0.317963,-0.05846703,0.2458819,-0.5542657,-0.2223116,0.3237719,0.7893839,-0.6492164,-0.5844269,0.9024072,0.742321,0.09434211,0.183961,-0.9424224,-0.1134394,-0.5590148,0.8622658,0.5644991,0.008464456,0.6355789,0.2809057,0.8307931,0.8251448,0.4917636,-0.8151836,-0.6805604,-0.156526,0.9204464,0.9263887,-0.9588583,-0.2987729,0.7823226,-0.9771097,0.9270263,-0.8417315,-0.09649098,-0.7215841,0.5226512,-0.589648,-0.7486618,0.8638232,0.3943443,-0.2836691,-0.5619891,0.5383081,-0.1472465,0.560257,-0.8766453,0.9906018,-0.5029173,0.9965394,-0.7294421,0.4504752,-0.7632072,0.4659121,0.6338232,0.4378771,0.7725649,-0.01599228,0.07704675,0.3742699,-0.4927028,-0.1142026,-0.4798344,-0.5069156,0.9611473,-0.7003422,0.2523279,-0.1743768,-0.2051488,-0.847358,-0.9133778,0.2166506,-0.5393817,-0.069363,0.5096774,0.003204703,-0.5744836,0.7983048,-0.6266866,-0.8796563,0.9614096,0.6122382,0.3674111,-0.02205622,0.5094924,0.654547,-0.07865512,-0.6882632,0.5542672,-0.1869556,-0.3222166,0.350543,0.005833507,-0.3206922,0.9186366,-0.1351956,0.5961232,-0.2640046,0.4980671,0.9999096,-0.6153862,-0.2496067,0.5709889,-0.142634,-0.6452403,0.3550665,-0.9341559,0.7350464,-0.3665267,-0.9305496,0.955863,0.7962797,0.8367288,0.2802312,0.5632775,0.01272953,0.8747356,0.8416831,0.439887,0.7711375,-0.2681216,0.6181047,-0.3574387,-0.461414,-0.6658828,-0.3067852,-0.9947975,0.6368475,0.9732492,0.03579962,-0.7759731,0.439492,0.5612416,0.5698192,0.214255,-0.09573591,0.4766781,0.8742537,-0.4847258,0.07537711,0.345936,0.08744895,0.461313,0.5525367,-0.708921,0.2375404,0.3663985,-0.04404795,0.9743984,0.07596147,0.3593187,0.8907571,0.02517498,0.9456029,-0.9480827,-0.4068619,-0.2578446,-0.3642029,0.2128686,0.2297539,0.7399049,0.3509688,-0.3232354,-0.5805409,-0.8992872,-0.5879192,0.7078059,-0.1002003,0.5127087,0.2599477,0.6625431,0.8890152,-0.9067249,-0.8240438,0.822824,-0.9934468,-0.7416589,0.5880549,0.5394554,-0.9242857,-0.01822674,0.5011325,-0.5519087,0.9868705,0.8672354,0.1179749,-0.06422913,-0.2426373,-0.3239688,-0.4164656,0.03616798,-0.6039855,-0.7520092,-0.3048946,0.2559669,0.1180998,0.3361396,-0.3917204,-0.5971839,-0.07205451,-0.6982648,-0.9602206,0.8991878,-0.9784861,-0.7213714,0.9059193,0.2837321,0.9879141,-0.7083085,-0.5429668,0.09614909,0.9672461,-0.9356682,0.8684762,0.7913697,-0.6049039,-0.04429996,0.009470344,0.7195511,-0.05380499,-0.4564401,-0.9045205,-0.06402314,0.4141562,-0.5729041,0.1652004,-0.3638004,-0.08267844,0.6500347,0.6546915,0.3384375,-0.004192233,-0.9720764,-0.9801466,-0.9240711,0.4625992,0.3907273,0.5908496,-0.2916564,0.7979987,-0.7472849,-0.2378417,-0.5142806,0.8928246,-0.4670864,0.03569376,0.316477,-0.937767,-0.935622,-0.6843328,0.3191244,-0.425217,-0.115662,0.1265243,-0.56129,-0.01777256,-0.955462,-0.2258242,0.1801952,-0.2090598,0.988174,-0.8327024,-0.7627778,-0.2734667,-0.3402871,-0.8334002,0.2932121,0.215619,0.1167549,0.5405765,-0.2896744,-0.210286,-0.1689976,0.4130079,0.7322505,0.8717301,0.9929578,-0.4208525,0.06795084,-0.2455655,0.9566929,-0.3511781,-0.06053317,-0.4585232,0.4148187,0.09204614,0.1594609,0.9061806,0.9192858,0.412915,-0.03283083,-0.860368,0.1237344,-0.2865249,0.196138,0.1224185,0.08877456,-0.2348465,0.5303643,0.4836747,-0.2321721,-0.4362086,0.2573907,-0.5964487,-0.5490327,0.1799735,-0.181744,-0.3385092,0.8567138,0.4662132,0.112729,0.853328,0.3613693,0.2643511,0.03436673,-0.8464243,0.888166,-0.9198976,0.4893996,0.7947574,-0.5949254,-0.3376359,-0.9694867,-0.6517026,-0.7148843,0.1363591,-0.04448497,-0.3958217,0.2008709,0.3080537,-0.6355696,-0.4551486,-0.4668251,-0.4849445,-0.2727016,-0.5498824,-0.1511382,-0.3689641,-0.7297773,0.9253745,0.7631299,-0.6448324,-0.09367859,-0.05129635,-0.01024473,0.261533,0.01338851,0.5164616,0.6566434,0.8465967,0.6202171,0.2358133,-0.5114896,0.4983408,0.7766838,-0.3777272,-0.8662701,-0.6082931,-0.5062037,0.6705062,-0.9016955,0.6572695,-0.1606561,0.5455451,-0.1168128,0.08570302,-0.1929113,-0.15192,0.2865824,0.5989354,-0.1741315,0.8685861,-0.7453914,0.7327862,0.7884851,-0.5862944,0.249663,0.4591367,0.4387259,-0.1164941,-0.02741706,-0.2898787,0.002516627,-0.1224929,0.08922231,-0.7517099,-0.7572327,-0.3000668,0.2122027,0.8603468,-0.683099,-0.8079107,-0.7830179,-0.7164719,0.6793704,-0.07992423,0.2384051,0.9739857,-0.2894858,0.5861545,-0.7243054,0.6737187,0.3047428,0.3454048,-0.6518807,-0.9065034,0.02529562,-0.7519243,-0.7315068,0.6603627,0.1869155,0.6221437,0.5614073,-0.8144891,0.8238463,0.4378679,0.1676894,0.6140397,0.9676104,-0.200677,-0.2347685,-0.675252,0.3618164,-0.426519,0.3257501,-0.8638613,-0.3970619,0.1226522,-0.777792,-0.7771342,-0.7417798,0.1101519,0.1589903,-0.4759561,-0.9952307,0.1047529,-0.4987079,-0.4045509,-0.1703836,0.5058651,-0.395326,0.1483737,0.2962279,0.08383358,0.9072764,-0.4384798,-0.7992761,-0.1075789,-0.2893301,-0.2295145,-0.6400657,-0.6222899,0.9965587,-0.9316807,-0.2379159,-0.9183316,-0.4716846,0.3005104,-0.7799389,0.8753839,0.09028184,-0.2177967,0.0779022,0.2261547,0.9865603,-0.09362304,0.8057656,-0.8051643,0.2784388,0.5906706,-0.3985671,0.2856779,0.5752354,-0.066028,-0.9304812,0.9440279,-0.2597073,-0.09902513,-0.04452717,-0.2512802,-0.6865005,0.387573,0.4508695,-0.7675452,0.7648995,0.7724626,0.6562214,0.1776217,-0.3434635,0.2605757,-0.6499767,0.03376305,-0.6217961,-0.349645,0.6189058,0.2308484,0.2835533,-0.4813946,-0.6167762,-0.2438642,0.3876381,0.2799892,-0.4883858,0.8825536,0.1011127,-0.1850752,0.1500942,0.1681691,-0.9583762,-0.3227736,0.4047968,0.3156528,0.2019492,0.5056422,-0.1610023,-0.9546361,0.09930265,0.8603885,-0.9444861,-0.3100499,0.5176005,0.8527558,-0.8556056,-0.5337582,-0.1965119,0.2186106,0.2996423,0.4699721,-0.7431517,0.2426728,-0.9024072,0.1083394,-0.9192574,-0.3850497,-0.106433,0.2612583,-0.6037769,-0.01970685,0.01017106,-0.769644,0.06208861,0.8976688,0.3528247,0.4835591,0.04707873,-0.7855442,0.870156,-0.9830017,-0.523643,0.02572691,0.8347435,-0.7687531,-0.8944111,0.8914397,-0.5374768,-0.6774018,0.2378691,0.5386517,0.388906,-0.3834401,0.7381847,0.4654879,-0.03407681,-0.2877985,-0.3755141,-0.1582452,-0.1118869,-0.6647069,0.7198546,0.1868578,0.914027,-0.1917804,-0.9756572,0.6373172,0.3108451,-0.2917269,-0.9364069,-0.00628221,-0.1715611,-0.2179543,-0.417158,-0.7547493,0.5714092,0.8912661,0.3645091,-0.4535555,-0.801285,0.2346848,0.08241951,-0.5734499,-0.3963438,-0.02676761,-0.6079841,0.968358,-0.2265519,-0.9342833,-0.9708788,-0.3969396,-0.5722721,0.4138646,0.3551616,0.9622824,-0.2025102,0.200708,-0.7845962,-0.7377765,0.9551642,0.02780879,0.9788241,0.7363131,-0.06879723,-0.2457136,-0.7368481,-0.09583247,0.9084136,0.7129114,-0.4676265,0.5007057,-0.1757189,0.07328475,0.810461,0.212689,0.5120089,-0.3020645,-0.5651183,0.8111384,-0.7746742,-0.4860038,0.2157317,-0.3027774,0.8712482,0.3223486,0.8085759,0.7219357,-0.676867,0.5240026,0.5330701,-0.8753188,-0.9218655,0.1743087,-0.1924425,-0.6931722,-0.6500063,0.8494477,-0.6248507,0.119464,-0.6243532,0.6729512,0.3832617,-0.4272579,0.9953401,0.9026353,0.4910304,0.7693062,0.6371851,-0.5082257,0.7805007,0.9569805,-0.9415784,0.6762476,-0.6863437,0.9121749,-0.4089905,-0.01014936,-0.6053414,0.3720402,-0.5165753,-0.9933918,0.7508104,0.6711946,0.9283977,-0.7920713,0.9048562,-0.04657638,-0.6147702,0.2068418,-0.5670197,0.1337565,-0.9866951,0.1235303,0.1945482,-0.7423391,-0.5222137,0.802505,0.2923121,0.3608346,-0.4017817,-0.9847147,-0.1504344,0.1231726,0.8274548,0.9173968,-0.6887133,0.8386726,0.4481449,0.1525072,-0.7542019,-0.3298289,-0.7693429,-0.3714277,-0.9673142,0.6385863,-0.1840421,0.2400025,0.434539,0.4347131,-0.567395,0.3886258,-0.5649564,-0.2827679,-0.9169252,-0.5027735,0.9083495,0.5045938,0.676573,-0.8448393,0.6017835,-0.8835132,-0.7752976,-0.76107,0.7711017,-0.9650817,-0.5312667,-0.3376127,-0.7519617,-0.01095665,0.7200303,-0.999557,-0.4176925,0.9250464,-0.8173084,-0.6164143,0.2341722,-0.8029296,-0.6657557,0.05111897,-0.3833317,-0.1339444,-0.2701904,0.8399117,-0.1980675,0.2392589,-0.8595304,0.4090728,-0.0280844,0.7596459,0.7443032,-0.9803252,-0.9191334,0.3356332,0.9121356,-0.7753761,-0.7971334,-0.2028345,0.3419549,-0.9617963,0.9447725,-0.8595753,-0.984796,-0.4847025,-0.6815109,0.2133449,-0.1120576,0.4657414,-0.5440612,0.3188479,0.591558,0.4457562,0.5319245,0.2570038,0.3683366,0.6290545,-0.3031386,-0.4567891,-0.6637619,-0.003433347,0.2764527,0.453062,-0.7070327,0.7423706,-0.2447237,0.07348692,0.8771193,0.1131681,0.8826597,0.3787005,0.0660454,-0.05383813,-0.3888489,0.3215043,-0.5070937,-0.6244612,0.3607018,0.2173587,0.3910329,-0.07961309,-0.9067252,0.02716386,-0.5053954,-0.8496077,0.5019815,-0.9015491,-0.3661081,-0.8109241,-0.4390634,0.9673352,-0.6919329,-0.6968572,0.7814181,0.8792555,0.3931467,-0.187812,0.5243075,0.5289781,-0.4307736,-0.8048768,0.8503721,0.9863997,0.7381234,0.2044548,-0.3743845,0.4148841,-0.508498,0.5836692,0.4387078,-0.06176245,-0.07957923,0.9804258,0.003807425,-0.2215577,0.7373569,-0.5651064,0.2544098,-0.1752423,0.3328628,-0.07299531,0.2726452,-0.3915812,-0.525075,-0.3127862,0.6004436,0.9852059,-0.2477919,-0.06625736,-0.4609891,0.3286605,-0.472612,0.1505872,-0.7852235,0.4706587,0.9019606,-0.3583499,0.6942449,-0.3290917,0.0349375,-0.1756653,0.519417,0.2688739,0.7805066,-0.4188157,-0.1155885,0.3515887,-0.3661131,0.08454835,-0.6783195,-0.5048461,-0.9254215,-0.9951749,-0.6146877,-0.07405579,0.1876229,0.07569039,-0.6950212,-0.7088466,-0.8757596,0.9424663,-0.932543,0.7419093,0.9515781,-0.4972163,-0.8314919,-0.3279926,0.5470316,0.533937,-0.6939125,-0.7510099,-0.5073662,-0.03023779,-0.8569443,-0.3196262,-0.05148804,-0.5665841,-0.5665517,-0.5354731,0.9576333,0.3237762,0.2269443,-0.3120874,0.2197317,-0.5659513,-0.5119784,0.002349734,-0.8304756,0.07076085,-0.139474,0.1365803,0.3573403,0.6796293,-0.4372061,-0.525811,-0.7664285,-0.9952097,-0.8396533,-0.5987194,0.7875113,-0.5903478,0.1797825,-0.008914113,0.2100469,-0.8826106,0.5504665,-0.2731756,0.2809567,0.2355062,0.9957666,-0.898566,-0.1010894,-0.4759802,0.1258832,0.4007127,0.7293429,-0.2407674,-0.1331779,-0.788841,0.231613,0.1153075,-0.4925317,-0.2744509,-0.2488283,0.8394473,-0.1832658,-0.05730522,0.9828181,-0.8377123,0.5915587,-0.5401282,0.03340852,-0.4267358,0.3541746,0.5302742,-0.7594492,0.2501998,0.2264484,0.3429751,0.1852804,-0.07531297,0.3118148,0.7056577,0.06074846,-0.7964635,0.6903844,0.3956673,0.4531457,0.1683127,0.7252529,-0.3575634,-0.9456115,-0.9873939,0.1526712,0.2496034,0.7580872,-0.6015849,0.4484651,-0.8310883,-0.687716,0.7492025,-0.02010691,-0.1002833,-0.05259335,0.1462411,0.327954,-0.7143197,-0.1152061,-0.1278225,0.3453178,-0.2311715,0.6334562,0.7248101,-0.6245315,0.7472234,-0.5983958,-0.2503079,-0.6456289,-0.3435682,-0.7078302,-0.4285425,0.4131498,0.4544944,-0.6031265,-0.6669302,-0.644851,-0.3652288,-0.2345725,0.0003756285,-0.4385086,-0.8710811,-0.282401,0.08029163,-0.1202205,0.1597489,-0.317809,-0.7635722,0.7709706,-0.2830354,-0.07669818,-0.7164872,-0.1945864,0.4707188,0.1516443,-0.8953605,0.9747801,-0.772718,0.5719192,0.9358983,0.1835004,0.6352062,0.9145064,0.909657,0.2101935,0.8787904,0.6463957,-0.3026925,0.1873192,-0.1083926,-0.9282749,-0.4463564,-0.9862533,0.3135733,0.1342665,-0.8033679,-0.8476901,-0.6359119,0.5414603,0.7725453,-0.6610363,0.1931967,-0.5091887,0.06058323,0.2030133,-0.6776493,-0.3017584,0.08343303,-0.1197459,0.4338135,0.379631,-0.5741477,-0.8413646,-0.17234,-0.8866091,-0.8461609,-0.1652268,0.05293572,0.5588186,0.7399783,-0.6318266,0.3414454,-0.5534637,-0.01542866,0.3697607,-0.4362539,-0.7137356,-0.2446095,-0.8483958,0.4365451,-0.1565369,-0.02549064,-0.4704787,-0.1560467,-0.8286281,-0.2334579,-0.7697217,0.2533991,-0.4620074,-0.9212413,0.9419444,-0.8887179,-0.6728597,0.3381853,-0.4636635,0.4652552,0.6747706,0.4057021,0.2843697,0.8200881,0.02072251,0.2886891,-0.8762925,0.7906177,0.009945989,0.4037466,-0.008955359,0.8918166,-0.252473,-0.7554483,-0.6539152,0.8121059,0.2648639,-0.7406693,0.2203547,-0.4133321,-0.7176685,0.1150335,0.3599002,-0.3543159,0.8368971,-0.05062091,0.1650282,0.6231627,0.3944649,0.6149731,-0.6877019,0.06013691,-0.6639347,-0.1899697,-0.05016768,0.8404992,0.914402,0.2751889,-0.6201355,-0.6672246,-0.5168481,-0.8234694,-0.430842,0.4887399,-0.7222476,0.9258969,-0.8777971,-0.9617369,-0.07807434,-0.9136846,-0.7944012,0.210862,0.8115792,0.9185791,0.3435383,0.4947166,0.7174881,0.662668,0.8445206,-0.2990474,-0.9835961,-0.1410228,0.9698644,0.8022304,-0.4651977,0.03801978,-0.27224,0.1324307,-0.2789265,-0.7313635,0.2332419,-0.1034454,0.7861161,0.2232662,0.4908092,-0.670963,0.6894214,0.4472828,0.07106221,-0.9389114,-0.7634196,0.9749746,-0.09292424,-0.9648898,-0.2936977,0.3804538,0.6835568,0.1344429,0.5743263,0.3884341,-0.5497901,-0.672919,-0.369258,-0.8674796,0.9030774,-0.4615136,0.780333,-0.2111958,0.3841357,0.3755381,-0.2538306,0.1934587,-0.7041554,-0.1643821,-0.6649499,0.005238175,0.5189316,0.1977593,-0.5799601,-0.979146,0.5665364,0.9883702,-0.8852096,0.7232182,0.06194437,-0.4857866,0.3786428,0.1325339,-0.02675378,0.3315329,-0.4775282,0.850064,0.7892134,-0.1177074,0.6607778,-0.3528095,-0.6512277,-0.04005611,0.2184211,0.5694354,-0.5629139,0.2753629,-0.7965775,-0.2258054,-0.2267133,-0.6401687,-0.6303532,0.4732737,0.2073449,-0.6376572,-0.568974,-0.614104,-0.3817407,0.1827461,-0.04017031,0.6248338,-0.1150218,-0.872504,0.07429111,0.3143301,0.5758073,0.3598883,-0.524482,-0.08579409,-0.9239643,0.8751075,-0.1560365,-0.9701698,-0.7970176,-0.6945345,-0.9871945,0.4156086,-0.3313791,0.4896028,0.8500648,-0.792526,-0.8340774,-0.2566758,0.4307842,0.6239676,0.3027141,0.4062736,-0.4078482,0.9004254,0.9455788,0.8562715,0.909785,-0.4771205,0.4269182,0.5182323,-0.7192156,-0.00244534,-0.04132521,-0.1881884,-0.6059098,-0.3657526,-0.3148538,-0.5722082,0.2144116,0.6897585,0.1706859,-0.193843,0.5623879,0.07082927,0.8965571,-0.1399318,0.02643335,0.9152865,0.1640674,-0.3494066,-3.898144E-05,0.4979434,0.7454085,-0.2229389,0.8195412,0.5465696,0.6442025,0.4623956,0.03885663,-0.8547413,0.3464269,-0.3067907,-0.5459967,0.9190352,0.4164183,0.9054461,0.6361775,0.6453254,0.4424836,-0.7288086,-0.6367931,-0.01739442,-0.1821734,0.7082074,0.8946059,0.1967548,0.4985099,0.693424,-0.7884147,0.2654204,-0.5958285,-0.7558496,-0.08414829,-0.4224163,-0.5896652,-0.5369091,-0.9770315,-0.8668652,-0.301767,-0.175598,0.04560483,-0.7723651,-0.09150445,-0.30718,-0.8566856,-0.1150423,0.3252783,-0.1191596,-0.03894126,0.2371336,0.2718808,0.1547881,0.5735016,-0.5681164,-0.7060301,0.6452615,-0.3159906,-0.8565719,-0.5192823,-0.9994056,-0.3945628,0.1571046,0.1137692,0.617084,0.3962428,0.7419569,0.04143035,0.7301369,0.9467592,0.5649719,-0.04408228,0.8105309,0.9388261,0.1083676,0.7035689,-0.6226168,-0.9654665,-0.02340829,0.2490197,-0.568629,0.3896315,0.7267339,0.8874807,0.2293218,0.7224381,-0.3175558,-0.5977423,0.3372354,-0.2069706,-0.813055,-0.4358026,-0.6967845,-0.02503359,-0.3606282,0.08419645,-0.7854226,-0.8510129,0.7600336,0.4900953,0.4490063,0.9289725,-0.7881434,-0.6845636,0.1729282,-0.2897025,0.8345475,-0.3404511,-0.0236305,0.6030295,0.7269659,0.7714415,0.4354498,-0.7229147,0.3082249,-0.06736624,0.3456545,0.5592237,-0.7850478,0.5918076,-0.1980888,-0.2546002,-0.9405487,0.3867089,-0.8007462,-0.008149981,-0.1061965,-0.7729049,0.1151828,0.2201296,0.8379507,-0.2477683,-0.7580831,0.4336958,0.8882191,-0.5096951,0.06681406,-0.7324555,0.6228702,0.84215,0.2761864,0.121399,0.1375409,-0.8959095,0.4676058,-0.5105531,0.6560233,-0.6360302,-0.3264121,-0.513916,0.1201822,-0.5083132,-0.3650883,-0.1203092,-0.7791302,-0.9124093,0.3462429,-0.8595171,0.4001341,-0.1023191,0.5230784,-0.09259617,0.03625095,-0.4639145,0.4763732,0.4357159,-0.9514775,-0.8696272,0.2130052,0.8850844,-0.8974638,0.7298634,0.4961471,-0.2890972,-0.3091909,0.6864452,0.3064525,0.2867486,0.6619117,0.8519273,0.5378625,-0.6093023,-0.8538182,-0.3697182,0.3601155,-0.5929976,-0.8693714,-0.3776451,-0.3753091,0.4397366,0.6149819,0.8802154,-0.4577504,-0.3076237,0.6838994,-0.4401253,0.1064388,0.8122294,-0.6815517,0.7471335,0.6176934,-0.1519905,0.2357074,0.6939211,0.9784091,-0.4746331,-0.3228115,-0.09360921,-0.4595031,0.3223192,0.2658779,0.2790656,-0.1278001,-0.9037175,-0.259214,0.6280582,0.7606559,0.7449026,0.1478447,-0.03170025,0.2333785,-0.5138557,0.232021,-0.1695977,0.6726451,-0.3119625,-0.2082721,0.6790411,-0.02966034,-0.8579147,0.3290605,-0.274871,-0.8397694,-0.6940889,0.002292037,-0.1458966,0.03407514,0.61536,0.9498687,0.3842311,0.56723,-0.4498574,-0.7428443,-0.642343,-0.6822939,-0.5447814,-0.4675423,0.9959612,-0.8021312,-0.9378655,0.009484887,-0.6538966,0.1218952,0.9443054,0.6846378,-0.1375157,0.9117367,-0.3160695,-0.2557455,0.7686284,-0.2035674,-0.6083336,0.256325,0.1570569,-0.1788067,0.4453618,0.6735244,-0.4384969,0.770575,-0.8750806,0.9833107,0.09513915,0.3976931,0.3207211,-0.4435984,-0.7585597,-0.8565974,-0.09713471,0.730418,0.2626652,0.6406717,-0.5174785,-0.3034469,0.9046955,0.9545834,-0.2432595,0.3513303,-0.4773928,-0.6700504,-0.6672304,-0.1082054,-0.711638,-0.4262763,0.4494242,-0.8644631,-0.8630126,0.498836,-0.5700171,-0.4486798,0.6328728,0.08100498,0.19921,-0.7701738,0.8785105,-0.4090186,-0.7727365,-0.9172254,-0.2136775,-0.7634575,-0.679275,0.2234091,0.5298185,-0.7301121,0.0620178,0.8617649,-0.2076098,-0.8190706,0.6757295,0.8902714,0.7498608,-0.6168804,-0.2168986,0.5066135,-0.2467223,-0.1364595,-0.3095442,-0.5464303,0.5503473,-0.5926716,0.4204509,-0.3738135,0.1805919,-0.03407347,-0.3128015,0.3090474,0.9829876,-0.7905788,-0.9203982,-0.5581636,-0.4899737,0.04934919,0.6309273,-0.6174934,-0.4693373,0.3528278,0.8035915,-0.287053,0.3958647,-0.8760161,0.05924833,0.1426226,0.4965119,-0.5773506,0.282669,-0.1445483,-0.471085,-0.02114451,-0.443153,-0.6946247,0.02913463,0.8734562,0.8353062,0.9468291,-0.06583345,-0.9951477,-0.7602966,0.7139921,-0.6948562,0.07285321,0.8307948,0.04911554,0.496706,0.7566574,0.8528838,0.09335458,0.1958541,-0.853436,-0.6474266,-0.6587217,0.3771467,0.7211668,0.7923172,0.08999765,-0.2034582,0.3024571,0.2922933,0.9935524,0.6696866,-0.2544209,0.01606214,-0.9658861,0.4810838,0.9530911,0.4340782,0.6089063,-0.7396824,0.2467672,-0.6634927,-0.2693094,-0.4468092,0.04567969,-0.8894439,0.6870873,-0.6753476,-0.3628024,-0.5463936,-0.2544283,-0.796031,0.6252704,-0.004906774,0.4221494,0.309371,-0.3613034,-0.6976717,0.09808505,0.764818,-0.2095946,-0.3854614,-0.745229,-0.8290534,-0.7753196,0.648169,-0.546536,-0.2859839,-0.1869866,0.04794371,-0.893374,0.8325014,-0.5556519,-0.1300191,-0.6200178,-0.002996087,-0.5899081,0.0229758,-0.6304874,0.2413641,-0.4115523,0.8771546,0.8419063,0.2938585,-0.7020171,0.7460742,0.2340423,0.861227,0.1514672,-0.5553763,-0.7199581,0.3021054,-0.6068025,0.122805,-0.3208104,-0.5649049,0.001911521,0.5661173,-0.8208847,0.5811539,-0.4529527,0.047768,-0.4474696,0.3670649,-0.2133788,-0.8300767,-0.5280905,0.1336423,-0.2933811,0.9296825,0.3034491,-0.9286506,-0.3494917,-0.8417983,0.176005,0.182671,0.231902,-0.4549865,-0.3645147,-0.05786479,-0.5977199,-0.5016556,0.2408231,0.8328347,-0.04331887,-0.10174,-0.411975,-0.2546319,-0.1881868,-0.750741,-0.2663718,0.7844338,-0.4037887,0.8781776,-0.5873835,-0.2689098,0.2440833,-0.2962526,-0.7536433,0.1255296,0.1370953,-0.2944266,0.8302186,-0.823576,-0.2476588,-0.3500577,-0.7558568,-0.7206995,0.1729201,0.09837115,0.385184,0.6831021,-0.913945,-0.1098043,-0.6485684,-0.1159934,-0.672225,-0.9953637,-0.3902627,0.2682495,-0.9977579,-0.8974252,-0.2110587,0.6752167,-0.7685096,-0.4923407,0.333251,-0.345728,0.7483103,-0.2395471,0.7564249,0.65293,-0.6809683,-0.4966258,0.1324524,-0.02571762,0.9509077,-0.6845064,0.726712,-0.9214959,-0.02041018,-0.7825918,0.625386,-0.6168842,-0.3549966,0.03568661,-0.6009228,0.6240206,-0.01105034,-0.5843441,-0.2962669,0.9210246,0.325541,0.3179125,-0.03808987,-0.303044,-0.6027348,-0.8306422,-0.7582941,0.01380289,0.6286902,-0.5580304,0.7671461,0.1641268,-0.08486116,0.9964087,-0.7323163,-0.03787363,-0.505758,0.6076853,0.9064126,0.3664686,0.1580633,0.5741386,-0.898123,-0.5346384,-0.1909159,-0.177967,-0.7256367,0.7877033,0.07942665,0.8879092,0.4129994,-0.7820332,0.8285685,-0.996805,0.5050328,0.7335396,0.6835275,-0.07092512,0.8749735,0.4222023,0.8736153,-0.3793665,-0.1989723,0.6696668,-0.3675905,0.8288887,0.6096952,-0.141348,0.410897,-0.6429214,-0.6737142,-0.4187125,0.2945285,0.5362918,0.254112,0.6770136,-0.8991685,0.7823167,-0.953511,-0.330006,0.8140447,0.3230495,0.9998109,-0.5880849,0.7042053,0.1594266,0.8966064,0.08381712,-0.6454587,0.557399,-0.0657841,-0.5670896,-0.360732,-0.05102384,-0.2636973,0.6163554,0.2152814,0.6799545,-0.3908178,0.9226313,-0.02357876,-0.7760744,0.03535306,-0.7208478,-0.7030911,-0.7100937,-0.8079863,0.538862,-0.4996864,-0.2983268,-0.2992569,-0.8202436,0.5627236,0.8865197,-0.4959036,-0.8235765,0.03121245,0.9248004,-0.7474511,0.7033565,-0.6983688,-0.4591402,0.03851783,0.06773508,0.9297416,0.1689504,0.7782269,-0.5267053,0.4163248,0.4142728,-0.8206682,0.6930292,-0.3261849,-0.6747205,0.6969192,0.5902951,-0.7687681,-0.2565538,0.2378973,-0.1873454,-0.53547,0.5275488,0.2383357,-0.00542438,-0.3333954,-0.5734129,0.02198517,-0.9556627,0.3544438,0.2833178,0.6166272,-0.07175052,0.6453009,-0.575489,0.9147062,-0.006680608,0.5471585,0.1938602,-0.2169906,0.4452638,0.6576958,-0.9800813,-0.748121,0.1072026,-0.4778615,-0.5176156,-0.06308544,-0.6192369,0.6245837,0.8796279,0.51526,-0.9969299,0.3057611,-0.757854,-0.7416358,-0.4946002,-0.03540123,-0.6306036,0.002649188,-0.8623066,0.7019219,0.3113134,0.7890034,0.3063569,-0.3022591,-0.5690553,-0.3856436,0.01691163,-0.1731383,0.3285584,0.7510645,0.1684743,-0.004247546,-0.6247449,-0.7502987,0.7248263,0.4355712,0.1896638,0.5984359,-0.8026485,-0.1069976,-0.6903889,0.0098418,0.4351144,-0.8600826,0.6472888,-0.5016592,0.9369385,0.701689,-0.3205732,0.4716849,-0.8839867,-0.1182545,-0.4108568,0.8589163,0.0687269,-0.1881484,-0.8047695,-0.7356594,-0.8307774,0.9248602,-0.3454765,-0.8686745,0.9966323,-0.05749452,-0.8405592,0.3739886,0.539191,0.5225339,0.3641286,0.5545251,-0.2770182,0.1530303,0.2681174,0.02185142,-0.8355246,0.6038435,0.6599772,-0.5665228,-0.1293942,0.8466482,-0.8975184,-0.6892335,0.6598201,0.6308241,0.7319894,0.1941646,-0.6170464,0.9159758,0.7295823,0.2246875,-0.8216984,-0.4179701,0.7929444,-0.8871617,-0.7379868,0.01410377,0.1646391,-0.7341247,0.374676,0.3276334,0.8971462,-0.4746205,-0.79035,-0.313095,-0.8587134,0.8331432,0.08048546,0.2470754,-0.6060758,-0.1609784,0.5707543,0.2299296,-0.05055702,0.6635747,0.6384318,0.8247967,0.847878,-0.03872836,-0.5272434,-0.9759314,0.9635837,0.05294573,0.212869,0.4684713,0.2379502,0.9410574,0.2057654,-0.8339479,0.797344,0.1924909,0.06139052,-0.366681,-0.308695,0.2423996,-0.3934649,-0.1517373,0.9621811,-0.9904354,-0.8338482,-0.3292915,0.6222503,0.2673361,0.7417195,0.4502511,-0.3449618,0.8837671,0.5620708,0.7070041,0.4412706,0.1756893,-0.7377264,0.4533674,0.04172122,0.9589312,-0.9538121,0.3429877,-0.7708466,-0.1251806,0.8645673,0.8188615,0.9380765,-0.9775739,-0.5236042,-0.1113147,-0.8303051,-0.05254376,-0.06142056,0.3450641,0.8978307,0.5795219,-0.5425646,-0.2968327,-0.7065785,0.7112796,0.5322919,-0.4351608,0.6734669,-0.5766218,-0.5793808,-0.1123875,-0.3698324,0.6956086,0.3024707,0.09245169,-0.05601609,-0.01689947,0.8881915,0.2327329,-0.03552258,-0.5973945,-0.5753617,0.272583,-0.8237085,0.8970082,0.7033024,-0.362363,-0.9419525,-0.9331117,-0.9605837,-0.5654776,0.2529111,-0.5160263,-0.793663,0.3077981,0.7058368,-0.3682605,-0.2271658,-0.8016262,-0.5562804,0.5472791,-0.0154022,0.6326592,-0.8586664,0.3003471,0.01921713,-0.9432669,0.2276851,-0.5292892,0.7155201,0.3095426,0.2302781,0.2582624,-0.5108843,-0.8204069,-0.2036403,-0.1110786,-0.2709218,-0.3661042,-0.9369345,-0.776325,-0.2948338,-0.9470966,-0.9914744,-0.8926122,0.785568,0.1888105,0.6270816,0.2977388,-0.4227325,-0.3391386,0.5510616,0.7467854,0.5878766,-0.276836,-0.2906092,-0.6539562,0.759593,-0.9578393,0.3992259,0.8156278,-0.2037407,0.8570752,-0.9655919,0.4941303,-0.5754976,-0.6355755,0.2112092,0.8130243,0.3048002,0.969022,-0.3047858,0.8277435,-0.6030352,-0.1389819,-0.1849672,0.953171,0.8539755,-0.08400524,-0.3096908,-0.8852568,0.701339,0.1244396,-0.3258461,-0.3682996,-0.6470578,-0.6796148,-0.2419683,0.7902081,0.5691092,-0.2736408,0.2571501,0.7924345,-0.2332832,-0.1106879,-0.4793535,0.4120178,-0.8056734,-0.9669228,0.9035132,0.761847,0.9305189,0.9047995,0.5090125,-0.7276192,-0.1874107,0.03283989,0.04973042,0.08897245,-0.9742391,-0.6440201,0.3059931,-0.044186,0.769486,0.6201861,-0.8926151,-0.7300644,0.2174729,-0.9414263,0.1910423,-0.3075215,0.236699,-0.6635518,0.5623477,0.726697,0.2773945,-0.1256868,0.2507143,-0.9766257,0.03594697,0.06673634,-0.8311217,-0.586731,0.3229439,0.8259957,0.7775586,0.6284482,0.5375223,-0.1748749,0.05180728,-0.4042801,0.633795,0.2400774,0.1429149,0.1726524,0.6668308,0.4411947,0.4276633,-0.4910828,-0.2200285,-0.01989925,0.9600973,-0.3746756,-0.01670539,0.9604907,0.3001759,0.4551804,0.3419501,-0.8855433,-0.02814305,0.1277109,-0.2956113,0.6849117,-0.8690109,0.9868281,-0.4051112,0.4563565,-0.2614366,-0.5573566,-0.08286774,-0.2362465,-0.1984128,-0.7496729,-0.8780499,-0.4885844,0.7891471,0.1222197,-0.02888978,0.7291129,-0.4008366,0.5987022,-0.1146363,0.5219378,-0.7912199,0.8981674,-0.1426545,0.540458,0.6654522,-0.6596396,0.127345,-0.2795068,0.5073814,-0.9324563,-0.05678141,-0.1493391,-0.2375096,-0.7015924,0.7972064,0.6956711,-0.7857254,0.2202717,-0.01255405,-0.8667331,0.8899632,-0.05312884,0.9454908,0.6669748,0.3397691,-0.41212,-0.4424626,0.2058095,-0.9831245,-0.1821522,0.2523138,0.9658427,0.7205517,-0.7006972,-0.8648341,0.06095421,0.4185054,0.7642019,0.7974069,0.3191619,0.1791369,-0.3151773,0.6386373,0.1677791,0.2958162,0.6985393,-0.3978256,0.4718241,-0.8383348,0.8322637,-0.02220261,0.4852478,0.715342,-0.1470836,0.9192946,-0.4133257,-0.7399654,0.5753379,0.7671747,0.9815495,-0.1319197,0.6809919,-0.6300836,-0.6452546,-0.6418388,0.488553,-0.9575489,0.500767,-0.9386897,-0.2521604,-0.9770999,0.342257,0.6395481,0.1357552,0.9831195,0.7055712,-0.006439805,0.3640356,0.7410605,-0.06319392,-0.6945186,0.5891097,0.8990533,-0.4074126,0.930088,0.3451721,0.3529582,-0.5512793,-0.7968631,-0.937115,-0.3031551,-0.5051153,0.2682056,-0.8602955,-0.7522719,-0.5935202,0.07109964,-0.1377884,0.1337351,-0.2632817,0.09691417,-0.3499166,0.64571,0.4341983,-0.263693,-0.3151892,0.3137376,0.8515048,-0.6170645,0.201825,-0.363537,-0.7322066,0.5790112,0.06137049,-0.08937514,0.05267751,0.9355519,0.7852173,-0.648818,0.7817898,-0.09047067,-0.7436073,0.3341384,-0.9922488,-0.936003,0.2468256,-0.4176186,-0.2477936,-0.4555548,-0.4855276,0.08329189,0.762244,0.7967825,0.3849399,-0.5905807,-0.9370854,0.4881253,0.930078,-0.4647113,-0.6377075,-0.3799065,-0.4252766,0.2261368,0.2942397,0.9422562,-0.01074016,-0.7494681,0.4645321,0.8516755,0.1989843,0.2399563,0.1213115,0.4528119,0.09763491,-0.2972194,0.241639,0.1248382,-0.5027316,-0.3431429,-0.2090844,-0.1550251,-0.0753125,-0.2380334,-0.1649445,0.6860354,-0.8335266,-0.9831302,0.1816901,-0.2518631,0.8581498,0.9670403,-0.001616597,0.8971148,-0.6597338,0.05770648,0.9277325,-0.2966427,0.2898957,0.01301873,0.7849474,-0.1181546,0.4902985,-0.4185311,-0.9668701,-0.4773165,-0.8020642,-0.3784612,0.5509613,0.720953,-0.7483702,0.1809074,0.7137802,-0.320491,-0.2108079,-0.4971882,-0.5618329,0.06616127,0.7250421,0.5793562,-0.2307538,0.7416008,-0.39245,0.9597316,-0.1312689,0.9630661,-0.7696714,-0.6758473,-0.6083152,0.08922875,0.1929041,-0.6912172,-0.4823779,-0.1248354,0.5948145,0.9224191,0.9897447,0.1401066,-0.601109,0.6240435,0.6130979,0.816184,-0.8984997,-0.9541686,-0.4187158,0.6838758,-0.9913805,-0.3327829,0.363105,0.7778425,-0.2202152,-0.4825984,-0.687639,0.755785,-0.9170821,-0.6364369,-0.3660451,-0.4780568,-0.8054147,-0.3595709,-0.03183997,0.1360222,-0.1205267,-0.6070719,0.9057512,-0.1248909,-0.04774988,-0.5924561,-0.3958637,0.1463262,0.7557712,0.7247837,-0.329084,-0.5421109,0.2030758,-0.04318821,-0.8180833,0.2644312,-0.8171856,-0.04824483,0.2558243,0.1878618,0.08476722,0.9535437,-0.1235045,0.8760836,-0.3707696,-0.5655804,0.3942768,-0.2064759,0.4512202,-0.4530097,-0.9126208,-0.547699,-0.1233791,-0.5359602,-0.1186141,-0.9278712,-0.9207342,0.119095,0.01706111,-0.9392874,0.413085,0.8009894,0.3299012,-0.3853585,0.5604951,-0.138472,0.4977483,0.6451685,-0.6698029,0.08674324,-0.2888135,0.7405045,-0.8695726,-0.470601,-0.8930438,-0.7574654,0.02241576,-0.4248427,-0.09086692,0.2036117,0.3324039,0.2152768,0.5743842,-0.7346478,-0.716995,-0.9390309,-0.1732475,-0.600414,0.9513094,-0.2034613,0.2254788,0.2484311,-0.6656134,0.1571726,-0.3259574,-0.8374891,-0.6325238,0.4509098,0.09001553,-0.9495513,-0.5803573,-0.692637,-0.2714154,0.3770935,0.4493444,-0.6318972,-0.2415422,0.7358699,0.3192472,-0.5088694,0.6252375,-0.02546203,0.1302856,-0.887814,0.9659657,0.7561922,-0.2637335,-0.4105035,0.6882725,-0.1144668,-0.1314791,-0.01282012,-0.4451772,0.01430595,0.1280445,-0.1957,0.4210193,-0.1555578,0.396568,0.9731097,0.5806463,0.4915471,-0.8565288,-0.3468231,0.8543901,0.7682703,0.2263612,-0.315863,-0.9148176,0.1923283,-0.06149614,-0.8818827,-0.6251676,-0.9864216,0.08430803,0.1640362,0.2179288,0.4700327,-0.9002879,-0.7792439,-0.2614647,0.4799781,-0.4024965,-0.4783243,0.3109524,0.1015862,0.1258789,-0.9006364,0.9841034,0.9173431,-0.1292077,-0.5554037,-0.6353667,-0.8318787,-0.220136,0.8680906,0.4035673,0.6423202,-0.2285508,0.3834421,-0.189397,-0.01700294,-0.2652513,0.384222,0.3841383,0.1778072,0.5949972,0.8326259,0.1243805,-0.06576574,-0.6020002,-0.2500848,-0.5836806,0.7805011,0.490345,0.2450565,0.2493061,0.1200386,0.8739929,0.6949999,-0.6652815,-0.7068839,0.1297244,0.3292398,0.456634,-0.3486763,0.9591165,-0.9729671,-0.7353699,-0.6596012,0.9780157,0.7844212,0.1275848,-0.03272474,-0.8625224,-0.2548717,0.8869572,-0.2486767,0.1993266,-0.9341803,0.8076134,0.8096156,0.4604268,-0.3848001,0.1574908,0.05120456,0.08269846,0.5575395,0.912236,0.1673993,0.1567692,-0.946476,-0.845011,0.3199017,0.7412627,-0.3285221,0.6951239,-0.35664,0.8580298,-0.3040134,-0.03703749,-0.6071763,-0.9482751,-0.05474627,0.2517237,0.9719818,0.5256548,0.762491,-0.2651314,0.9761932,-0.2795931,0.8504443,0.06521094,-0.3128818,-0.7082686,0.1510485,0.5306473,-0.3662368,0.189972,0.5099745,0.2488216,-0.9814312,-0.5382833,-0.4217223,0.1295716,0.5573988,0.04591191,-0.2771097,0.0271939,0.0906285,0.2838509,-0.7657206,0.01100338,-0.3810025,-0.776897,0.3466792,-0.9956753,-0.9506421,-0.5036974,0.8769577,-0.8898394,0.4071996,-0.8335807,0.36587,-0.4375154,0.5490794,0.6695724,-0.7126226,-0.9818017,0.7448578,-0.9534335,0.4862418,-0.1855425,0.5758247,0.6944726,-0.6023395,-0.728492,0.9758635,0.0400461,0.8483346,-0.2623905,-0.5098393,-0.7272048,0.5386069,-0.1304108,0.6689963,0.4024546,-0.1982087,-0.9811528,-0.7938306,-0.3255066,0.8309882,-0.6262307,0.263072,-0.3721746,-0.1281208,-0.2370638,0.5503061,0.1336807,-0.8291156,0.0007940531,-0.3336517,0.8643682,0.6165481,-0.6047781,0.3031034,0.6673913,-0.9345562,0.08132517,-0.02356994,0.8482752,-0.1844078,-0.5060306,0.009048343,-0.008506417,-0.716701,0.8880484,0.7864008,-0.4265615,-0.7487776,-0.3773156,-0.3707076,-0.2425047,-0.3363668,-0.3638896,0.585413,-0.248252,-0.6762111,-0.3931698,0.6847167,-0.1706141,-0.9725733,0.1861161,-0.6409335,0.4792204,0.1962534,0.4288919,0.02868712,-0.9577968,0.9497051,0.2625036,0.2491499,0.5461814,-0.2610813,-0.6340799,0.2707543,0.3109252,-0.854413,-0.2728316,-0.5163093,0.7173183,-0.799752,0.3881054,-0.6282947,0.005192399,0.4993918,-0.2037016,0.9111471,0.4999592,-0.6690698,0.4801218,-0.4638673,0.5031147,-0.7754843,-0.8847287,-0.01544464,0.3499434,0.4604695,0.5758696,0.2557656,0.6734674,-0.5501747,-5.805492E-05,-0.07568252,-0.07471645,-0.9118383,-0.3520342,-0.1238643,0.7024014,-0.9550316,-0.2990452,-0.4342569,-0.06693995,0.3336589,0.0750128,0.8272884,0.5993876,0.637964,-0.6226227,-0.5247271,0.9501312,-0.3138789,0.05296123,-0.5208423,0.8046222,0.2535529,0.2223026,-4.255772E-05,-0.8608613,0.5620403,-0.3986238,-0.801492,0.4649498,-0.3255254,0.1654271,0.9649475,0.4242458,-0.1979984,0.7733905,-0.6130829,-0.2930456,-0.7868495,-0.468269,0.3021626,-0.7613242,-0.3083707,0.6151686,-0.2751771,0.4014523,-0.1268147,0.8509924,0.8164306,0.5721002,-0.2736653,0.4923536,-0.0624634,0.5364165,0.1065117,0.4033975,-0.05938375,-0.9286253,0.8930874,-0.1765772,0.9496026,-0.4072915,-0.6522458,0.2420505,0.3227484,0.2023841,-0.8441277,0.06540358,0.1355559,0.8358545,-0.3389617,-0.8620462,-0.02674758,-0.4041744,-0.8962615,0.3866903,0.7926011,0.08894622,-0.4654635,0.968116,-0.2228173,-0.1483423,-0.2111923,0.7302961,-0.316841,0.983125,0.2886574,0.969635,-0.7522776,0.8311021,-0.7318587,-0.361998,0.3386368,-0.7689128,-0.4543973,-0.2968389,0.4189093,-0.1671532,0.6789842,-0.6269426,-0.5272756,-0.4183818,0.4665332,0.1687807,-0.1106805,-0.7590547,-0.4473118,-0.6508319,-0.5908875,0.2380179,0.4962427,0.8901277,0.5165887,-0.3625911,0.7858579,0.6981397,-0.7362659,-0.6843708,-0.8493106,-0.8115606,-0.7764783,0.1694771,0.8584142,-0.4120628,0.8582499,-0.06911671,0.9784353,0.2813983,0.7795329,0.1004659,0.07081401,0.6192284,0.2009093,-0.7135558,0.5300047,-0.9953983,-0.944978,-0.130107,0.7449651,0.2743106,-0.7434068,-0.9517088,0.5578365,-0.1332494,0.3557503,-0.4876016,0.8303256,0.9938898,0.6619158,-0.8689384,0.06079662,0.3102209,-0.4047006,0.1237875,-0.6663842,-0.6908338,-0.3495065,-0.4230262,0.7791176,-0.7144532,-0.8555477,-0.0934931,0.9241371,-0.4157354,0.04051769,-0.4114796,0.4327128,0.9129009,-0.9651396,-0.172187,0.9844217,0.2631209,0.9936223,-0.5077305,-0.3999501,0.2036997,-0.7991118,-0.6239498,-0.8545167,0.34468,0.33342,-0.1493984,-0.1707691,0.2468482,-0.1495389,0.8080246,0.1635803,0.8888988,0.6473787,-0.1172546,0.8714943,0.4522731,0.1584049,-0.7402287,0.9744523,-0.8638811,0.4711628,-0.8541558,-0.9692831,-0.3739258,0.6391077,-0.6952765,-0.2660748,0.30478,0.9794967,-0.7402675,0.7438855,-0.651325,0.4311006,-0.8151417,0.7186806,0.02587497,0.02196157,-0.1755022,-0.7067983,-0.7983541,0.8661416,-0.6687195,0.5998414,-0.08503616,-0.7956338,0.30007,-0.6197333,0.7292225,0.7681,-0.629648,0.04025662,-0.9574013,-0.8548844,-0.5370276,-0.8600464,0.9541931,0.5235915,-0.6718559,-0.1285819,0.3170452,-0.8589313,0.7670603,-0.627598,0.5413513,0.5177495,-0.1964356,0.4669482,-0.5096312,0.2472373,-0.0912174,0.8790033,0.5786345,-0.7739532,0.185443,-0.674998,0.5264742,0.672152,0.8054585,0.8057809,-0.6351202,-0.01872599,-0.3149976,-0.3909706,-0.04730833,-0.5327601,0.3047003,0.5414135,0.2503438,0.004652381,-0.8255627,-0.860039,0.9455543,0.5264399,0.4231457,0.2299193,-0.2124177,-0.7389643,-0.8072112,-0.8057823,-0.9454293,0.6408775,-0.8305509,0.3180146,0.9669945,0.5098197,-0.0978297,0.8778391,0.191785,0.06280339,-0.4667162,0.2981732,-0.4990474,0.5024693,0.6975815,0.08456218,0.4907238,-0.6200552,0.9032922,0.2125758,0.9736419,-0.5043087,0.05746138,-0.6009731,-0.6623571,0.1902479,0.2530873,-0.4900111,0.4591393,-0.7686985,0.6413207,0.3711865,0.07366431,-0.6377475,-0.8725648,-0.8202121,0.5246353,-0.07820356,0.7156353,0.2342075,0.4903364,-0.7114375,0.05557477,-0.9949031,0.3383999,-0.6868148,-0.5864639,0.1046499,-0.09912169,0.9481347,-0.5015824,-0.3568743,0.4284498,-0.9572358,-0.4705094,-0.7200701,-0.2605034,0.6598783,0.6029751,0.2465216,0.3896978,0.1168672,0.6112893,0.2371451,0.2564819,0.2900786,-0.4852725,0.8343906,-0.02161252,-0.3762714,-0.008252501,-0.744117,-0.06887114,-0.08893454,0.1564959,0.1243407,0.9231071,0.9405034,0.3662586,-0.8532417,-0.01099575,0.3317332,-0.9899218,0.7200265,-0.6425056,0.2296933,-0.5664046,-0.5256295,-0.6932099,0.0409981,-0.8370042,0.1233431,-0.8476343,0.8168802,0.4448402,-0.1840705,-0.8588874,0.4296932,0.1713413,0.9244556,0.3512759,-0.5847743,0.8997283,-0.8570805,-0.2855185,0.8646371,0.8157597,0.475686,-0.4900004,0.6644418,0.7783792,-0.06408179,0.6453161,-0.9509733,0.4161036,-0.1490804,-0.3845497,0.03610623,-0.8018651,-0.7580218,-0.04797971,0.4939255,-0.6374271,0.1512944,-0.07546341,0.5046976,0.05317032,-0.3345081,-0.2807308,0.8586679,0.4583177,-0.935693,0.522964,-0.4443847,0.2145878,-0.05408514,-0.4811355,0.1008273,-0.9653592,-0.1380199,-0.3583714,0.5092061,-0.07216871,0.302449,-0.6643777,0.8059583,0.2330626,-0.8954258,0.401967,-0.6336627,0.7644107,-0.9131446,-0.7621462,0.8808427,0.4833469,0.1137425,-0.4398578,0.02002037,-0.9663401,-0.1801256,-0.62292,-0.2587119,0.4850604,-0.5685434,-0.9679379,-0.08054268,0.6806114,0.2822249,-0.4686149,-0.6230226,-0.6836932,-0.2756239,-0.7139256,-0.6821804,-0.7270918,0.8984892,0.4290573,-0.6895144,-0.6367395,-0.3891591,0.02993357,-0.6614132,0.1193513,0.3592875,-0.6565874,-0.6204951,-0.2558128,-0.579159,-0.9602966,-0.4233757,-0.3524166,0.2894926,-0.987752,0.3903384,0.7287586,0.2048389,0.3731763,-0.7971656,-0.6028819,-0.9303823,0.9321799,-0.6269143,-0.3070186,-0.4143928,0.8723834,0.2754447,-0.321165,-0.46464,0.9813044,-0.2930502,0.4640128,-0.5016263,-0.7387424,0.2284516,0.1476244,0.4670043,0.1409692,0.003854871,0.4205897,0.49981,-0.6246033,0.9350214,-0.05981028,-0.4063874,-0.1822065,-0.7920401,0.4647534,0.8513,-0.4311277,-0.2047642,0.793026,-0.7871478,0.9636877,-0.3766805,0.9242296,-0.8176186,-0.7510629,-0.8565075,-0.8149529,-0.2641026,-0.3561183,-0.5198622,-0.1128598,-0.3182319,-0.5029712,-0.6321545,0.9213002,0.0516721,-0.2349943,0.6160493,-0.1422843,0.2714481,-0.6721103,0.6303132,-0.5909266,-0.009584785,-0.1902295,-0.7708061,0.9140453,0.6799841,0.6220737,-0.7143841,-0.811444,0.7278626,0.5211496,-0.3594724,-0.4677235,0.2764578,0.08302486,-0.6670396,0.5303245,0.02797997,0.9211266,0.5166881,-0.9271593,0.7425799,0.3189833,0.1690975,0.474195,0.8972919,-0.9250908,-0.4351245,-0.167363,0.5223072,0.7261913,0.2831931,-0.8309143,0.11716,-0.8600044,-0.8992987,0.380399,-0.7578518,0.3155348,0.8433154,0.767549,0.2232934,0.8972416,-0.9498351,0.9778945,-0.4400061,-0.2800101,-0.7551403,0.2481598,0.5262837,-0.2785076,-0.05443203,-0.3052751,-0.4723524,0.2316159,-0.4499305,-0.5743513,0.2364918,-0.5718305,-0.8454154,-0.8588352,0.3131492,0.4891057,0.456186,0.2294718,0.9485543,-0.7536201,-0.02307451,-0.2445394,0.9198837,-0.6608231,-0.1534458,-0.1837677,-0.8887217,-0.1320785,0.2091607,0.4084527,0.06462157,0.9108257,-0.0319351,-0.3354901,-0.9077706,0.2367603,-0.6877499,-0.7134023,-0.1217664,0.6454873,-0.4663123,-0.6386008,0.3646626,-0.2303232,-0.9540358,-0.9842091,-0.4589232,-0.9410241,-0.100948,-0.510896,0.4268529,-0.8102648,0.5289218,-0.6602213,-0.8067272,-0.1383208,0.5008819,0.4018633,0.9257393,0.7510955,-0.2492658,0.7064817,0.6153672,0.384763,-0.5644238,0.9759235,0.7196965,-0.7496529,0.3933236,0.1513711,0.9403174,0.2437338,0.518765,0.8792789,-0.2781361,0.5562942,-0.2051002,0.1650692,-0.4266225,0.6331322,0.9237487,-0.5586042,-0.2794615,0.8156908,-0.4730064,-0.7537625,-0.7197444,0.3707549,0.05359614,-0.8915939,-0.5970638,0.195063,0.7383022,-0.8103225,-0.155346,-0.1379727,0.02697623,-0.1811935,-0.2601787,-0.9415612,0.5362136,0.1439604,-0.8630407,0.5098031,0.6268933,-0.8296077,-0.3259979,-0.09319508,0.9164803,-0.6823239,0.125208,-0.3849829,-0.3553065,0.9571688,0.184121,-0.7847631,-0.8135383,-0.6121461,-0.07018316,-0.5785291,0.7897489,-0.7563734,0.5436399,0.5297027,0.2451466,0.5031068,0.5806031,0.1592621,-0.8431692,-0.7274652,0.07327902,0.8061194,0.2407459,-0.5821285,0.2046372,0.4440391,-0.6781771,0.4067528,0.4477651,-0.9020894,-0.8205407,-0.5147932,-0.1672622,-0.2828661,0.2330552,-0.5850616,-0.2478451,-0.8613188,-0.02247727,0.8772507,0.6614635,-0.4368135,-0.1235045,-0.4605628,-0.8072245,-0.323157,-0.2085267,0.3147516,-0.8795664,-0.3524655,-0.9338517,-0.7121396,-0.3577057,0.5779417,-0.5357151,-0.6051602,0.2561342,0.6863518,-0.7313359,-0.4659067,-0.3805345,-0.2475597,-0.03375423,0.5480375,-0.06643498,0.1299943,0.06035697,0.1160499,0.7443438,-0.417987,0.2625675,0.8499441,-0.4735006,-0.94822,-0.1166743,0.4996373,0.1511942,-0.9439733,0.6434381,0.8467963,0.2883508,0.5125332,-0.4403104,0.629463,-0.8049493,-0.6093631,0.6305513,0.9267423,-0.3076602,-0.893697,0.4490122,-0.6862068,-0.2130677,0.2453781,0.3650632,0.02955091,0.792937,-0.7598112,0.1044472,0.2484649,0.4458549,0.1895505,-0.2940859,-0.3375112,0.2328452,-0.7219334,-0.5677829,-0.7737772,-0.4593371,0.4806807,-0.4354326,0.8105512,-0.1128782,-0.679199,-0.3360132,0.896666,-0.179978,-0.3336874,0.4856157,-0.487851,0.838654,0.9686379,-0.9913716,0.8613479,-0.5931249,-0.3095461,-0.6386213,0.5298166,-0.05831611,-0.7746007,-0.8212235,-0.7552323,0.2127019,0.7891016,-0.5643463,-0.3251475,-0.378075,0.3855607,0.5756598,-0.8270435,0.05302751,-0.9475725,0.5166538,0.5291312,0.04288542,-0.4769195,0.4038849,0.2153336,-0.112975,-0.4460963,-0.9558666,-0.9813242,0.8409908,-0.5428753,0.6436088,-0.6102283,0.1094612,0.9387436,0.8404822,0.6799746,0.7821832,-0.8255913,-0.4386591,-0.8877568,0.9520206,-0.4056898,-0.1212155,0.2672887,0.8479764,0.6214437,0.8307209,0.8227875,-0.2611622,-0.7018332,-0.8493705,-0.9251957,-0.9138966,0.218052,0.1185626,0.0910362,0.8054612,-0.7963712,-0.3926662,0.9851341,0.9681873,0.08862269,0.5993237,0.08116949,-0.2079068,-0.4705306,0.9149597,0.80288,-0.7527378,0.6329105,-0.8190165,-0.8183761,0.4281585,-0.6982791,0.6417184,-0.3880104,-0.215511,0.2207609,-0.1479996,-0.7436674,-0.8075428,-0.1302537,-0.7295556,0.8519092,0.4533,-0.4029568,0.4557838,0.6889658,-0.005752921,0.8148422,0.7885349,-0.0805434,0.6516228,0.2616703,0.285928,0.00733602,-0.5954254,-0.6518054,0.408062,0.4217307,-0.06461728,0.7011199,0.07858026,0.6604247,0.8473411,-0.7209516,0.2123722,0.06514895,-0.842236,0.6241298,0.8364203,-0.9282427,-0.09796584,0.724524,0.644767,0.9221377,-0.3961881,-0.7869859,-0.02376568,-0.5881467,-0.09932601,0.7219584,-0.674166,-0.5604575,0.7600183,-0.05704153,-0.07911408,0.6237006,0.6263394,-0.494954,-0.2627441,0.8257043,0.9223986,0.9304595,-0.3598534,-0.2946955,-0.6318731,-0.04357517,0.9762216,0.8946533,0.7825005,0.8938837,0.5410311,-0.3064162,0.888525,0.760365,-0.4935626,0.7464328,-0.4190699,0.4394738,0.1010884,0.8673451,0.1068834,0.6960652,-0.05267584,0.8418283,0.2688315,-0.460385,-0.2073585,-0.8638361,0.1823281,0.8697591,0.6952767,-0.1776303,0.6885009,-0.1621712,0.9870157,-0.09291494,-0.4163085,-0.4223398,0.1626972,-0.9474077,0.6874571,0.3505468,-0.1788734,0.6381052,-0.5870132,0.5620024,-0.5920238,-0.2473382,0.3866205,-0.5347748,-0.665802,-0.261043,-0.6355083,-0.621264,-0.9323347,0.5308685,-0.3510717,0.03900611,-0.7650144,0.7530999,0.1335493,0.6057646,-0.3418959,0.836369,0.7530458,0.9366732,-0.5598667,-0.3300248,-0.2797445,-0.3660084,-0.9413249,-0.8058803,-0.6131551,-0.7582247,-0.6396587,-0.1298481,-0.3281375,0.5180531,0.3666799,0.7808826,0.2352217,-0.3472267,-0.6303973,0.4409153,-0.6575427,0.5605626,-0.8679125,-0.9687133,-0.7702091,0.8697193,0.4303477,0.5592744,0.4764492,-0.3949062,-0.8405528,0.7097154,0.5956674,-0.3657397,0.5321877,0.3207926,-0.214558,-0.772438,-0.8600605,0.2012752,-0.1118685,-0.6052463,-0.1525096,0.8765454,-0.1731788,0.4532425,-0.6458805,0.2110521,0.7356148,0.4478361,-0.2741965,0.8627443,0.8439164,0.2568783,0.7379723,0.9571481,-0.8841853,0.1371413,-0.5353281,0.2076443,0.6943624,-0.5197186,-0.4759864,0.2819469,-0.2350594,0.4892947,-0.7323992,0.2259091,-0.6756134,0.6268158,-0.8160014,-0.1942552,0.8166661,0.8394554,-0.4718667,0.7014694,-0.1650294,-0.8438601,-0.9685099,-0.612119,-0.003221631,-0.1824199,0.1272961,-0.2635459,-0.9116387,0.1733669,0.2292606,0.2368604,0.2750187,0.6500959,-0.09056246,0.97399,0.9590435,-0.4993383,-0.1263767,-0.8963728,-0.6087542,-0.7991226,-0.4873554,-0.6988571,0.8820722,0.05598652,0.07459533,-0.979373,0.5652845,-0.007306933,-0.5470588,-0.7339945,-0.2056364,-0.8220456,0.899667,-0.05788648,0.6384609,-0.3916358,-0.1001579,0.3281514,-0.4747339,-0.3009354,0.02608669,-0.701632,-0.9156373,-0.4475878,0.4503135,0.8852077,0.3035528,0.6573582,0.7404127,-0.2511741,0.3746273,0.6279652,-0.3445588,0.4428928,0.8843489,-0.7117331,-0.5115187,-0.4792057,-0.3338984,0.07789409,0.7908375,-0.6662598,-0.2093781,-0.8595433,-0.7834356,-0.08784592,-0.023785,0.6487231,-0.9105945,0.0817734,-0.8082016,0.693938,0.5327365,0.2429191,-0.3731076,0.908169,-0.7280326,-0.7409,-0.1595889,-0.4256426,-0.8302929,-0.3091544,-0.7062893,0.954869,-0.03278983,-0.378379,0.5423024,0.666306,0.476021,0.2863998,0.68015,-0.9147139,0.4055111,-0.5362179,0.06060874,-0.2403723,0.8362532,-0.8579638,-0.3099052,0.3838448,-0.8980401,0.07517731,-0.8664145,0.7346644,-0.6298461,-0.9067869,-0.6678302,-0.39846,0.04839146,-0.2347478,-0.9995437,-0.80182,-0.9455345,-0.394251,0.8699708,0.323791,-0.6045663,0.003316522,0.5208526,-0.8732712,0.4834315,-0.9136682,0.2764115,-0.6985848,0.7373879,-0.7858377,-0.1870533,-0.3970028,0.3229828,-0.3731574,0.2743714,0.9074783,0.07461822,-0.6152511,-0.792649,-0.9222279,0.6030109,0.8474438,-0.1380316,-0.6050572,-0.112856,-0.4953843,-0.4375259,0.5153677,0.8443592,0.4574203,-0.2584935,0.1874062,-0.9055874,-0.7460182,0.4463548,0.4908848,-0.2518114,0.4665653,0.01676619,-0.3778819,0.2817983,0.4418142,-0.6869617,0.8067856,0.1086687,0.2459093,-0.4376415,-0.8851032,-0.294434,0.5067699,-0.6290927,-0.5876453,0.2136251,-0.7490077,-0.2919708,0.7052848,0.0220176,0.8428311,0.4273667,0.3370564,0.1572031,-0.4760984,0.3761792,0.9449606,0.2292007,-0.7040343,-0.2392527,-0.04325545,-0.620127,-0.6883297,0.004806638,-0.8612058,0.3817157,-0.4644047,-0.7385798,0.5984962,-0.7151852,0.984189,0.2951157,0.6127126,0.5719013,-0.2670642,-0.2086586,-0.42585,-0.8252199,0.9594014,0.1784934,0.06218159,-0.8444955,0.357429,0.8164206,0.8419383,-0.5663006,0.3768947,-0.3847262,0.3119366,0.4829282,0.7200477,-0.2812563,-0.5194995,-0.3831304,0.2769506,0.236874,0.349076,0.1963576,-0.01919401,0.5303288,-0.7053087,0.8265026,-0.1014174,-0.2778398,-0.3307303,-0.7243164,0.6813953,0.6216547,-0.3279766,0.7411304,-0.3578666,-0.8139503,-0.6608717,0.9019952,-0.4617807,0.06558263,-0.8277385,0.2314435,0.9205942,-0.1945456,-0.7106032,0.924227,-0.3768691,0.4396476,0.3947365,-0.0008853674,-0.4578782,-0.4352587,-0.1911076,0.2409464,0.7188001,-0.8141577,-0.7416341,-0.4894625,0.793251,-0.2708594,0.3106804,-0.7466652,0.6460853,-0.3210143,-0.5667059,0.3238485,0.8895473,0.3291197,0.004997849,-0.5072799,-0.03373349,-0.7530069,0.4029717,-0.4950086,-0.01732147,-0.3721565,0.603817,0.5464046,-0.07437479,0.9293199,-0.6258693,-0.7044971,0.7436726,0.6335886,-0.8132708,-0.4538199,-0.02492845,-0.8541088,0.06024802,-0.4786443,-0.7162814,-0.5700738,-0.03787696,-0.02101004,-0.8700831,-0.6866581,-0.3783489,0.5989821,0.9371922,0.6619079,0.5688422,-0.9667096,0.9899158,0.1190532,-0.07986033,-0.8321118,-0.4936987,0.5283799,0.8838522,-0.95047,0.1830038,-0.9486098,-0.3673924,0.8295894,-0.5625536,-0.3560046,-0.6218104,0.1111003,0.2797785,0.4453854,-0.7637951,-0.2639757,-0.9049542,0.5370381,0.1002239,0.7611868,-0.7301695,0.3861296,0.8487301,0.812016,0.1757363,-0.04300606,-0.6775177,-0.6491067,0.4834425,0.2117349,-0.7602482,0.442641,0.3699414,0.6961477,0.5205853,-0.3244778,-0.3068656,0.2911877,0.666369,-0.3600804,0.2875557,-0.3418823,0.02679813,0.01204622,0.04138243,-0.8569903,-0.6321898,-0.5657766,0.8518796,-0.7326858,-0.6891313,-0.5866585,0.7610152,0.5556335,0.351366,0.7147062,0.4611876,0.5152504,0.3532231,-0.7773185,0.1467592,-0.6898396,0.4595837,-0.751406,-0.01619208,-0.544575,0.1145047,-0.7916214,0.2515294,0.3420872,-0.5375187,0.4605682,-0.9362581,-0.3037406,0.195712,-0.6881719,0.7831266,0.9190416,0.7102659,-0.9866452,-0.6529253,0.735254,0.8792856,0.1127802,-0.2892488,-0.1206111,-0.5087681,-0.5871999,-0.2300159,0.8711905,0.9513142,0.9734571,-0.7677722,0.9183218,0.3185937,0.3326666,0.327033,0.09586227,0.9872174,-0.6839879,-0.1056243,-0.2097811,0.4328015,0.321923,-0.2358528,-0.38595,0.9545281,0.2111083,0.5193226,-0.7592175,-0.4398099,-0.282163,-0.08687198,-0.01452363,-0.9530263,0.1962706,-0.1362771,-0.09001625,-0.0961715,-0.7033391,-0.5500374,-0.8938243,-0.3847424,0.2347795,0.4179275,0.7736342,0.8010581,0.8314991,0.6899881,-0.6628184,0.5596952,0.03927815,0.8606808,-0.9662831,-0.4800764,0.1761907,-0.7399306,-0.05285537,-0.8728011,-0.1841558,-0.6025646,0.04716384,0.9792442,0.1840008,0.6560001,-0.7925735,0.3547327,0.2321302,0.1275755,0.5166552,-0.5872211,-0.5800593,-0.6899598,-0.06694639,0.2792828,0.9660871,-0.0287832,0.4481001,0.6241448,0.8752742,-0.1391851,0.01193058,-0.4900564,0.1970273,-0.09132802,0.5781188,0.4566934,-0.345982,-0.0301615,0.09800518,0.6839268,0.08672988,-0.8887768,-0.01479971,0.5502598,0.810406,0.2878799,0.09536803,-0.4327892,-0.1707877,0.3318622,0.837986,-0.4636256,-0.8988936,0.7917233,0.8281271,-0.6912806,-0.1816565,-0.7283993,-0.3072459,-0.8376422,-0.007503867,0.9869595,-0.5495634,0.4615266,0.7950788,-0.05837309,-0.05946863,0.2281736,-0.8500977,-0.5228539,-0.6129725,0.08498681,0.3302831,0.2803573,-0.2041205,-0.84076,0.5011396,0.7237985,-0.0003310442,-0.685267,-0.1940569,-0.04635823,-0.2405685,-0.5287273,0.8778591,0.8590186,0.6279407,-0.2891532,0.8036845,-0.9628079,-0.229879,-0.8532379,0.1099864,0.2605729,0.7620652,-0.4778737,0.8871179,-0.2967421,0.06245959,0.8244343,0.8990998,0.09862673,-0.1214064,0.6905816,0.3244395,-0.8899171,-0.1437024,-0.8217671,0.2741575,0.6963875,-0.9975131,0.3102197,-0.9981942,-0.2169884,0.8517616,0.8729198,0.4779646,-0.7931967,0.05870903,0.8243818,-0.03229606,0.6334431,0.1738216,0.2877035,-0.8634024,-0.2081155,0.8314035,-0.3346239,0.3421168,0.02236998,-0.9736562,-0.4602352,-0.876884,-0.6136224,0.2742531,-0.3767616,0.3055772,-0.2161738,0.4836669,-0.8103521,-0.5226016,0.7405782,-0.2294954,0.9677072,0.8684652,0.2754316,-0.356042,-0.3508857,0.4023168,0.8832555,0.5457833,-0.574285,-0.6269839,-0.9992476,-0.6940877,-0.1160315,0.4583227,0.453521,-0.7240837,0.4704234,0.7182837,-0.4310199,0.2012914,0.6439464,-0.02119553,0.389714,0.7721832,0.2467631,0.8161733,-0.4213704,-0.362492,-0.9038255,0.4136879,0.9409554,-0.07337797,0.1493264,-0.006962895,-0.6416132,0.5277791,-0.4784726,0.4832864,0.05659425,0.828624,0.1231312,-0.2896115,0.1902488,0.9060946,-0.16669,-0.2234772,0.3358044,-0.3654188,-0.2367536,-0.3561534,0.1391598,0.4591081,-0.1255502,0.3995366,-0.5643606,-0.6643667,-0.7363102,0.229421,0.640106,-0.4467174,-0.5188572,0.7017319,0.8550415,-0.9775283,-0.6536059,-0.1003908,-0.595269,-0.4154938,-0.0215286,-0.02107823,-0.2876955,-0.3911506,-0.9994295,0.1263369,-0.02900255,0.9196012,-0.05719411,0.3209507,-0.5907137,-0.5365412,-0.8966706,0.3864619,-0.1569289,-0.7970927,0.1568791,0.06056631,0.2197596,-0.6104548,-0.3575135,-0.9814215,0.2920327,-0.2613951,0.06848681,0.4998507,-0.6828575,0.8355231,-0.2823352,0.3716094,-0.3216659,0.7820029,-0.9388099,-0.4663221,-0.5056062,0.8923349,0.9201193,-0.8451855,0.6996918,0.7082946,0.4620192,-0.1955224,-0.1864017,-0.03096545,0.8918574,0.6604128,0.876291,0.388484,-0.6781609,-0.6715562,-0.1579744,0.1067165,-0.4992188,0.5155821,0.04400742,0.8899248,0.7085874,0.4918005,-0.4007298,0.1228257,-0.4642161,0.1709162,-0.01017964,-0.333047,-0.9317677,-0.2857574,-0.6367869,-0.6631253,-0.9151993,0.2014445,0.5265899,-0.9368281,-0.5540791,-0.5592062,-0.3701102,-0.5695291,-0.6630661,-0.7321939,0.5893815,-0.1644598,-0.4626828,-0.05997574,0.7627563,0.2444674,-0.7526188,0.5136693,-0.9522495,0.1329652,-0.07558358,-0.729826,0.4902372,0.2293028,-0.04783785,-0.5758984,0.6291993,-0.2658864,0.6621869,0.869452,-0.3235148,-0.7423482,0.5910337,0.5700994,-0.1236359,0.8810222,-0.9260523,0.3405375,0.1026515,-0.8240089,-0.635675,-0.8996122,0.2987883,-0.7374749,0.8872092,0.8873229,-0.8873191,0.5811708,0.7745128,-0.8386917,0.4002902,0.4681325,0.1247925,-0.255721,-0.8305316,-0.07363689,0.6997237,-0.7119462,-0.07853925,0.5720196,-0.3146874,-0.6626155,-0.7000468,-0.8879552,0.8966038,0.01489413,-0.7315378,-0.6686106,0.923095,0.4788568,-0.4050807,0.9522598,-0.6570385,-0.959903,-0.8766863,0.94485,-0.03609908,-0.3333572,-0.8042929,0.5798481,0.1388332,-0.772635,-0.03864062,-0.2526208,-0.5027058,-0.6241865,0.5986958,-0.7267232,-0.7736447,-0.01317108,-0.6838126,0.5508568,0.5081236,-0.01729977,0.8201089,-0.684346,-0.4817415,-0.6606891,0.05550706,-0.9096212,0.6131148,0.3828366,-0.6434326,0.2252258,0.3350849,0.8376081,-0.5584476,-0.1885504,-0.8452363,-0.4183184,-0.8628595,-0.4501659,0.3488259,-0.9102547,0.2970895,-0.3225905,0.3440051,-0.3539988,-0.1942521,-0.9554021,0.537077,0.7477365,-0.2249666,0.06273448,0.7014792,0.708075,-0.4749287,0.3979177,0.1502863,0.2012225,-0.7321997,-0.04753745,-0.5770223,-0.9046857,-0.6007192,-0.02657378,-0.4334129,0.01596582,0.8739851,0.5000799,0.4888806,-0.09363425,0.1422549,-0.2563921,0.06641185,-0.3463849,-0.8133678,-0.611331,0.9760208,0.6101627,0.4244437,-0.5825686,0.7099473,-0.9797137,-0.01763546,-0.94877,-0.9841146,0.982302,0.6983359,0.7976036,0.8289163,-0.06197131,0.4378588,-0.3160208,0.8671439,0.2465917,0.9634027,0.007441878,0.04306543,0.114062,-0.4955734,-0.04932559,0.9279723,0.8259802,0.4975006,0.5822809,-0.7898934,0.01543677,0.7373006,-0.7799859,0.8973756,-0.9234107,0.8780026,-0.7150891,-0.8038824,-0.5704236,0.0887152,-0.1544596,-0.8132057,-0.4520057,-0.7248435,0.834774,0.2919166,0.6515493,-0.5546553,-0.6782055,-0.5771902,-0.5612936,0.2678718,-0.8725734,-0.2218355,-0.3283757,0.8791595,-0.3072985,-0.9473484,0.06167924,-0.5036938,0.4575088,0.5202632,0.1964878,0.3519821,0.8854961,-0.4820439,-0.9223881,0.4049833,0.9889162,0.08504522,-0.8282468,-0.3674921,-0.7085276,-0.2328602,-0.2968007,-0.7888422,-0.1807629,-0.4447666,0.5161583,0.03779805,0.6375163,-0.02129853,0.4123535,-0.315174,0.9141197,-0.8067229,0.9927649,-0.3852288,0.3022685,0.08224523,-0.1436018,-0.981792,0.6641104,-0.6470814,-0.38632,0.5966921,-0.01457965,0.6325681,0.9372432,-0.9198015,0.3437729,0.2445086,0.3862021,-0.7521238,0.9123282,0.1174442,0.681226,-0.4528142,0.6119983,-0.7667234,-0.8221412,0.2084519,-0.1948832,0.03298914,0.4564957,0.2923557,-0.5954118,0.9255793,-0.4817547,0.5991433,0.9022384,-0.7184255,0.995991,0.02676308,-0.7629318,0.4066646,0.1986829,0.2345535,0.5282743,-0.852392,0.3510401,0.1376885,-0.4852151,-0.8150225,-0.916085,0.5332334,-0.2094814,-0.9204483,0.6384003,0.9433844,0.5258229,0.9224074,-0.576792,0.5040464,0.04028404,0.858722,-0.5403254,0.7430828,0.5076675,0.8850322,0.8970094,-0.2150484,0.9638555,0.5964222,0.2927718,-0.8766801,-0.09843457,-0.4841243,-0.6222703,-0.5977955,0.3102553,0.4623,0.6805582,0.9628708,-0.3108579,0.5935483,-0.4770051,-0.2807847,-0.784193,-0.0516597,-0.7455435,-0.02918589,-0.1347831,0.1188444,0.7528782,0.5116441,-0.06890762,0.7912681,0.9725523,0.1505688,-0.4527267,-0.8839753,-0.5387094,0.1347724,0.6328781,0.6798935,0.9135404,-0.204024,0.5721531,0.3835852,0.9015644,0.5917776,0.2806179,0.5093684,0.578495,0.4864249,-0.974844,-0.7613099,-0.1419743,0.9098077,0.2908301,0.8044295,-0.2443997,0.4310636,-0.490702,0.3652391,0.003913045,0.1857888,0.4321077,-0.568836,-0.8050478,-0.1500334,0.2198092,-0.5577991,-0.4967741,0.5939233,-0.4750999,0.1888593,0.2572951,0.3313782,-0.9842224,0.004252553,0.6703401,-0.7995162,0.6772726,0.01696718,0.1549658,-0.5507724,-0.8940108,0.238598,0.5793328,-0.594063,0.3882057,0.3502898,-0.4488424,0.5629666,0.9487638,0.6949401,0.10859,-0.6628191,0.5129704,-0.6294408,0.7505121,0.7245965,0.5682523,0.6742699,0.9462943,-0.702697,0.6193635,-0.7711625,0.2571444,0.4180443,0.08960092,0.860682,0.2174073,-0.3665649,-0.4180106,0.2851314,0.7791102,-0.3258914,-0.7068279,0.1553766,-0.8243251,-0.4251155,-0.4197947,0.06330669,0.4113781,-0.7236419,-0.5933914,-0.4209579,0.3750815,0.3604271,0.5193493,0.3332269,-0.9730246,0.01607835,0.5714102,0.1745924,0.03763902,0.570225,0.3088708,-0.07054389,0.8584158,0.008590579,0.7637916,0.7403407,0.8849678,-0.3139046,0.606137,-0.7624977,-0.07756436,0.7180548,-0.04680407,-0.7754557,-0.2756826,-0.1229051,-0.1674799,0.1655146,0.6418345,0.9229419,0.5655158,-0.9686017,-0.2594923,-0.2912132,-0.4410685,0.7537785,-0.7574425,0.3215832,0.4776311,-0.6012843,0.7613215,-0.5492189,-0.9121463,-0.6976011,-0.5516758,-0.9145689,-0.192371,-0.4734718,-0.3549553,-0.8636951,0.4569225,0.1749159,0.4188246,0.8503745,0.9414866,-0.7857335,0.6161687,-0.04120982,0.8271143,0.1511146,0.09734046,-0.6452157,0.5129786,0.5014343,-0.8481014,0.2415787,-0.1492215,0.01247561,-0.6699991,-0.191732,-0.2211484,-0.3825074,0.07908976,0.212813,0.6500609,-0.02508891,0.0649606,-0.6280186,-0.2321748,0.4267084,-0.03213012,0.1577667,0.55196,0.3940115,-0.417148,0.2432882,-0.463878,-0.5097988,-0.4954799,-0.01762974,0.4041087,-0.2299298,0.07060659,-0.1931995,-0.03024828,-0.2181612,-0.9932268,0.9770896,0.0774678,-0.3796424,-0.7504015,0.08266461,-0.7887895,-0.655942,0.7005761,0.5080025,-0.1330904,-0.7633414,-0.05005872,0.2856965,0.7318072,0.4699919,0.399405,0.1565582,-0.1177286,0.5834768,-0.09014618,-0.06742799,0.8949146,-0.3399071,0.01036751,0.5986593,-0.5166636,0.5107615,-0.7188458,0.4246497,0.6841574,-0.9831655,-0.5171685,-0.3307222,0.2949817,0.1558412,0.5640726,0.1054877,-0.3254179,0.1894733,0.6734526,-0.6333759,-0.2300094,0.1953286,0.7335961,-0.7029312,-0.5470102,-0.7861733,-0.2291948,0.05782139,-0.1719981,-0.6935532,0.885057,-0.2108101,0.08412397,0.8677068,0.1841511,0.1527547,-0.2939171,0.9618316,-0.5490158,-0.193139,0.406909,0.8083241,0.007790685,-0.765563,0.6524611,0.007224679,-0.2954534,0.5268893,-0.7378302,-0.0213753,0.2260867,-0.4594442,0.4507351,-0.6470044,-0.9633021,0.3517234,0.4758322,0.1411363,-0.9062259,0.2710387,0.7203341,-0.4369618,-0.528393,-0.5635946,-0.7372496,0.1353387,0.8219845,0.8203189,0.9289811,-0.6035867,0.5360293,-0.3444337,-0.3573288,0.7208588,0.4074588,-0.6946275,-0.2780277,0.4387455,-0.6619461,0.3849532,-0.4638916,-0.1546246,-0.533457,-0.5992122,-0.3910273,0.7120383,0.8074586,0.5723982,-0.3687855,-0.8771341,0.5276923,0.6294518,0.3387971,-0.2676905,-0.1099237,0.9684749,0.5107563,0.226118,0.3130104,-0.3402406,0.1127566,0.1154059,-0.6950788,-0.5983546,0.668786,-0.03821647,0.3071623,-0.1280466,0.9222572,0.3943891,-0.29189,0.8032107,-0.8634834,0.7333395,0.4525566,0.683476,-0.735678,0.7620177,0.7057452,0.03127301,0.992564,-0.3875095,-0.8552001,-0.7250783,-0.7173595,-0.3302351,0.5002644,0.199474,0.09633982,0.6303506,0.7991724,0.4758227,0.7926695,-0.9550002,0.9232557,-0.1295954,0.2415065,-0.2081281,0.50016,-0.8811998,-0.754425,-0.1333143,-0.2278913,0.4815325,0.8491151,0.3760204,0.4667425,-0.3245651,-0.5297165,0.662982,-0.2913176,-0.4592327,0.3564503,0.6171734,0.5037465,0.6114349,0.1651765,-0.7999141,-0.7352622,-0.2528104,-0.1795377,0.609865,-0.4238998,0.7588325,-0.08566034,0.04049027,-0.8581014,-0.1905962,0.4928539,0.1840566,0.1876644,-0.4342614,-0.7825861,-0.6799393,-0.1682056,-0.2193228,-0.8166938,-0.9210265,0.6100242,0.9302547,-0.9027932,0.7652376,0.9030972,-0.7774096,0.1611046,0.408808,-0.5272582,0.03091466,0.8410342,0.1987172,-0.8550663,-0.6382644,0.3453855,0.6726556,0.6043162,-0.8077915,0.5787609,-0.400689,-0.07022297,0.2892093,0.1794802,0.229371,0.87885,0.9353197,0.8495886,-0.01052749,0.9139597,0.9312255,-0.39671,0.6928544,0.5189929,0.02408159,-0.3486987,0.6788063,0.2249659,-0.2325348,0.6362293,-0.7914834,-0.08763635,-0.05360734,0.6124535,-0.8501525,0.4559905,0.2901225,0.1440214,0.05107272,-0.1199442,0.7887921,-0.4056352,-0.8189995,0.5755947,0.1262788,-0.000536561,-0.03501618,0.797823,0.6008878,-0.4348868,0.9297378,0.6988323,0.5716853,-0.847291,0.6035292,0.8184931,-0.6206603,0.7558346,-0.24449,0.3718199,-0.2513224,0.8366756,0.6017959,-0.4696618,-0.838979,0.1947018,-0.7725446,0.6441579,0.3727281,-0.6995811,0.5433013,-0.03407824,0.8695502,0.9967248,0.8873467,-0.8843648,-0.7154396,0.5141575,0.5518925,0.1733018,-0.7743003,0.976496,-0.6340165,-0.4202794,-0.3421508,-0.9420607,-0.9208388,0.3015222,0.9552689,0.6892047,-0.7449386,0.1904601,0.5170608,-0.3228072,
0.1556371,0.7247307,0.9080803,-0.8301384,0.9833674,0.3988402,0.5146384,0.4120357,-0.4256905,0.2495159,-0.2468268,0.5097296,-0.06244314,-0.5097544,-0.9444473,0.2865519,-0.186993,4.780293E-05,-0.804204,-0.7064416,0.7703235,0.6291304,0.4778812,-0.8080335,-0.5273137,0.8855846,-0.3352362,0.3185217,0.6063108,0.970953,-0.1699101,-0.963697,0.1064538,-0.6159346,0.2284075,0.836097,0.8361204,0.9456627,-0.4303588,0.3347087,0.5061333,-0.572907,-0.536339,-0.9352405,-0.3368276,-0.9231865,0.4811248,-0.7596333,0.1936203,-0.6818674,0.5926938,0.7782316,0.7403491,-0.4984838,0.9757242,-0.5250993,-0.5236542,0.4091303,-0.355929,0.6839843,-0.8074818,-0.1601444,0.04242456,0.6572194,-0.475578,-0.6568005,0.149007,0.243518,0.8536024,0.7208614,-0.7099304,-0.2654275,0.4782555,0.3499865,-0.3679274,0.09722841,-0.5416324,-0.6297603,0.3343479,-0.8178091,0.5850017,-0.9330671,0.9291363,-0.684711,0.796474,0.4206557,-0.9389954,-0.09810817,0.8058522,-0.6884279,-0.3164715,0.01060402,-0.5018377,0.6234353,-0.6965811,0.3838815,0.5052631,-0.2485973,0.8064077,-0.6365249,-0.617156,0.09902322,-0.6222973,0.1955706,-0.3331221,-0.841047,-0.5833905,0.532124,0.6157162,-0.9855838,-0.1437379,-0.6289003,-0.8239901,-0.5413535,0.6819937,0.5422525,0.1564971,0.9630146,0.2748725,-0.2663649,-0.9929824,0.7120707,-0.8594058,0.831763,-0.5223591,0.8190188,-0.1389016,-0.8079309,-0.3111323,0.8929496,0.80582,-0.03276384,-0.8793154,-0.1573981,-0.4845718,-0.2257499,-0.5228491,0.1506838,0.4718995,0.1622716,0.1878804,0.06451523,-0.8114831,-0.1735407,0.1368526,-0.4436964,0.1060926,-0.5695844,0.7273679,0.2445782,0.245119,-0.09326637,-0.8733463,-0.7024741,-0.3939894,0.08892643,0.3553135,0.6044755,-0.4136709,-0.1220547,-0.9834347,0.6394315,-0.1378614,0.8549538,-0.08560526,-0.07937896,0.4250047,0.4171092,0.3615176,-0.4684924,0.09143031,0.7806804,-0.2521261,-0.999053,-0.0275563,-0.776804,0.4460244,0.5987775,-0.01426375,-0.9489181,0.8131678,0.5995269,0.06567323,0.4014063,-0.7652957,-0.5320663,0.9277732,0.2432369,0.04693401,0.8344257,-0.0486027,-0.9658067,0.786118,-0.8876102,0.5699255,-0.3198122,0.4502237,-0.09609067,-0.472128,0.1511952,0.3284814,-0.4439038,-0.1867369,-0.3915514,0.1441237,0.7587967,0.2166582,-0.4217819,-0.9346318,-0.09916341,0.2970338,-0.0295974,-0.4580337,0.7411675,0.898411,0.5320876,0.1784686,-0.8539679,-0.08307302,-0.4068385,-0.4686404,-0.911011,-0.8259983,-0.1638309,-0.4377993,0.07340562,-0.9476223,-0.2700921,0.4127729,0.3113074,-0.05257547,0.7571974,-0.9780068,0.3842852,0.4733708,-0.5435872,-0.1307706,0.5187297,-0.1600662,0.3539095,-0.8906224,0.604228,-0.02974308,0.8493266,-0.06194508,0.2786827,0.49565,0.6440146,-0.6112242,0.424916,0.9106171,-0.08651459,-0.2312511,0.3958618,-0.7089055,-0.9137318,0.7652402,-0.4341274,0.2157327,-0.2082881,-0.3674408,-0.6756504,-0.224049,0.7297966,0.4995148,0.4154472,-0.6617308,-0.4103943,-0.7712865,0.9802461,-0.819114,0.6038306,-0.1579784,0.7813652,0.1111954,0.6661611,0.9697549,0.4366564,-0.4787732,-0.9292071,-0.04990804,0.06262434,-0.7653766,0.8016102,0.9410129,-0.53546,0.6735203,-0.8451064,0.9691768,0.09170353,0.6846871,0.3181395,-0.5312512,-0.816221,-0.2930299,0.4524643,-0.1610764,-0.0590173,-0.8569932,0.4350838,-0.7557733,0.1808971,-0.7936864,0.2922215,0.3248131,-0.7108891,0.7498753,0.1409541,-0.8179133,0.58512,-0.4115199,0.4131152,-0.1169571,-0.6518712,0.6139095,0.06616867,0.4488301,0.5099308,0.3051796,-0.7364624,-0.5563908,-0.9525275,0.5847785,-0.6992261,0.495104,0.7996731,0.403748,-0.3670322,-0.9960103,-0.7213223,-0.8052826,0.4220485,0.8392689,0.7196913,0.5913677,0.2064518,-0.1100622,0.5101094,0.5779872,-0.5993478,-0.5901384,0.1068202,0.4105005,-0.5840087,-0.498716,0.3755514,0.2763545,-0.187137,-0.7146513,0.5554285,-0.5269516,0.9038236,-0.708509,-0.5056896,-0.9812129,0.1665035,-0.2661978,-0.8740909,0.9978504,0.2093369,0.9122343,-0.2462691,0.1611525,-0.6184695,0.3457515,0.1930147,0.8723276,0.6729629,-0.02810228,-0.160827,0.3910908,-0.1882137,-0.2039036,0.08360112,-0.6769121,0.6358316,-0.9200933,-0.5614836,0.1262358,-0.7901826,0.6969731,-0.4821697,-0.6373365,-0.4125978,0.009541392,-0.3564526,-0.629349,0.1923472,0.366414,-0.5605564,-0.4753562,0.6196685,-0.06914365,-0.7714117,0.5781593,0.3006482,-0.6620042,-0.8731222,0.9153457,0.774241,-0.7503395,0.5098183,-0.4243699,0.06251538,0.8303199,-0.6632423,-0.08260977,-0.2276331,0.7817447,-0.398846,0.1395394,0.9053946,-0.8428838,-0.2662162,0.1731631,-0.5816979,-0.6228282,-0.7052138,-0.6798294,0.6506147,0.2450713,0.2520647,-0.5806413,0.9895217,0.1588598,-0.8621697,0.4465372,0.06339133,-0.1609007,0.1620198,-0.8400683,-0.8769989,0.7679219,-0.8268743,-0.6117349,0.1941789,0.2987976,-0.2846659,0.1944593,0.3246584,0.9301813,-0.2188839,0.8280718,0.9108176,0.4962206,0.6567681,-0.04786456,0.457031,0.7068548,0.9993186,0.6581125,0.4437544,-0.2108282,-0.2872041,-0.7956531,0.9341426,0.04223216,-0.3766333,-0.8209364,-0.6029711,-0.4314638,0.4283426,0.6576769,-0.5270352,-0.7628505,-0.2437829,0.3390681,0.4876778,-0.2691649,0.8182402,0.5845594,-0.05854928,-0.7793779,-0.147463,0.7981255,0.4719848,-0.7620809,-0.6751311,0.2799098,0.005471349,0.3398192,0.2987063,-0.3554922,-0.08800828,0.6336951,0.03384435,-0.1777333,0.385283,-0.865397,-0.849067,-0.0459286,0.514128,-0.7703114,0.2856326,-0.436911,0.5300243,-0.6551261,0.7392764,-0.6482105,-0.8589106,0.793328,-0.02965581,0.1687177,0.4618761,-0.96861,-0.3591365,-0.5418255,-0.009448886,0.3389783,-0.9332411,0.332684,-0.7627542,-0.1834699,-0.6548853,0.2465121,0.9823902,-0.3818284,0.5681169,0.7061467,0.3461721,0.8810627,-0.8045907,-0.3937052,0.514447,0.3177068,0.3353436,-0.8806276,-0.8938282,-0.7655084,-0.6289604,0.9915218,0.4347138,-0.5540721,-0.777631,-0.6997588,0.186253,0.6733687,-0.07427347,-0.1399568,0.2799077,0.5547249,-0.004577041,-0.8863578,-0.6216054,0.6280649,-0.6562397,0.1357616,0.9892786,-0.958322,-0.8444791,0.4465489,-0.7182515,-0.5292211,-0.3593749,0.9676361,0.0530349,-0.9977045,0.4063482,-0.1860777,-0.1262769,-0.2186211,0.7358551,0.5691547,0.8572931,-0.2652539,-0.6046922,0.3048477,0.5742848,0.5148196,-0.2878429,0.1817161,-0.7075598,0.6849761,-0.8103449,-0.8169699,-0.5771575,-0.0982157,-0.1017452,0.6768961,0.4434616,0.6389036,-0.7058475,-0.02430117,0.2682125,-0.8986909,0.3213923,-0.7639549,-0.4669291,0.2332565,0.7378283,0.8289013,-0.2188267,0.1539913,0.2471207,0.6943662,-0.1762685,-0.3038632,0.9705565,-0.4306301,-0.007304788,0.3645606,0.5316844,-0.9414196,-0.7527471,0.5127339,-0.3598078,-0.8141334,0.4968166,-0.7268672,-0.9040167,-0.5851784,0.1405526,-0.8071997,0.5216701,-0.8122375,0.60671,-0.4993688,-0.9400756,-0.8744442,0.6745274,0.8264875,0.7572181,0.5450253,-0.01817572,-0.5522873,-0.3028899,0.8601022,0.02321899,-0.2116107,0.3084602,-0.1585711,0.3101747,0.2494181,0.2969713,0.8345795,0.02520597,0.9557838,-0.4228026,0.8322985,-0.1617192,0.3726105,0.9837995,0.1241373,0.2417985,-0.9930899,0.3568954,-0.4292854,0.3737328,-0.8493922,-0.5721262,0.4498019,0.7467744,0.5393851,-0.5670738,-0.7250347,-0.6126289,-0.5342577,0.4184973,-0.04938757,-0.06491482,0.9408457,-0.9899883,0.5982144,-0.9996376,0.0770458,0.7068298,-0.7354839,0.02116907,-0.4985129,-0.1227988,0.6644137,-0.4619642,0.04648674,-0.8553791,-0.3809711,-0.7694545,0.8389947,-0.7859826,-0.03623259,0.6237676,0.8060918,-0.4043854,0.06414902,0.4394834,0.5767815,-0.4566408,-0.6337488,-0.977798,0.3479502,-0.5287385,0.2750826,-0.3322355,-0.06843531,-0.6272779,0.1608568,-0.4434797,-0.494155,-0.1696423,0.06492722,-0.5024543,-0.5969901,-0.2997822,-0.5835764,-0.4910721,-0.5415103,0.1917838,0.5580485,-0.5747263,0.7257771,-0.1999601,-0.1362275,0.003783584,-0.5669231,0.2564749,-0.03550422,0.544698,0.08679593,0.9667342,0.4764573,-0.6084704,0.2754843,0.4403429,-0.4018842,0.5580504,-0.3027357,0.9613719,-0.5715873,-0.0966171,0.8801851,0.4837365,-0.1609851,0.01470888,0.09236085,-0.07570493,0.5612202,-0.1770569,0.416734,0.07298505,0.4971702,-0.09714019,-0.4091274,0.2449385,-0.6452296,0.4646623,-0.1389481,0.9153957,0.5216286,-0.683217,-0.4308234,-0.3342298,0.8426569,-0.6574275,0.04392779,-0.9534283,0.5896587,-0.2172247,-0.8225009,0.5572093,-0.8165798,-0.7788155,0.3852818,-0.1133839,-0.09772003,-0.1306666,-0.5758846,-0.2600807,0.8217733,-0.9947901,-0.1257776,-0.5865786,0.2308928,-0.8785732,0.9626322,-0.4425179,-0.7565007,0.4576304,-0.9064951,-0.2842504,0.3846738,0.7871084,-0.2566706,0.3625047,-0.4297801,-0.524951,0.9132385,-0.7547526,-0.4641739,-0.6144845,-0.7132397,0.8983989,0.6962354,-0.05404055,0.5448408,0.3022372,-0.09135282,-0.9203002,-0.3501989,0.02184117,0.7966249,-0.4239303,0.9682336,-0.7162409,-0.7453756,0.09050095,-0.8023918,-0.4888805,-0.4357179,0.2961387,0.3206412,0.8338032,0.6174397,-0.3857273,0.01129401,0.9336948,0.2909591,-0.7421644,0.4358463,-0.6880672,-0.4632918,0.4821262,0.3349192,0.9158342,-0.8076892,-0.5135269,-0.7739155,0.318033,0.2408808,-0.2843753,-0.1216997,0.910362,-0.5929635,0.2701513,-0.3048664,0.6431806,0.1369447,0.2315406,-0.7358005,-0.4601346,-0.2337083,-0.9472516,0.2174476,-0.576617,-0.08526433,-0.552352,0.2352971,0.7643549,-0.1222769,-0.3589402,0.8742337,-0.3559142,0.7299559,0.2859733,-0.7922466,0.3056681,-0.6774669,0.786341,-0.1653119,-0.1541275,0.9561315,-0.9957957,0.2570424,-0.9406872,-0.444235,-0.3048776,0.8637111,0.314007,0.2749986,0.605305,-0.555079,0.4440219,-0.6265821,-0.8624277,-0.3625323,-0.9378188,-0.7572436,-0.3473994,0.2874162,0.2253224,-0.8335278,0.7541249,-0.6805272,-0.2348827,-0.7312939,0.1272491,0.1120671,0.307136,0.3484807,0.03627241,0.7111268,0.1838337,0.6900113,0.9280925,-0.0113622,0.4645374,0.6958265,0.263432,-0.1151603,0.6689165,-0.99774,0.9812484,-0.06294763,-0.7102616,-0.630662,-0.5727787,-0.3108181,0.4336998,0.6968002,-0.9807181,0.1276189,-0.4257404,-0.1950666,0.8005505,-0.9399538,-0.7345295,-0.2056259,-0.8397055,0.833899,0.6175628,-0.4301721,-0.576612,-0.8817289,-0.196961,0.5547495,0.3449657,0.2281417,-0.772831,-0.9613237,0.6394775,-0.5230203,0.9664717,-0.7414079,0.06958687,0.9446268,0.9503639,0.6651347,-0.5563884,-0.9244401,-0.9695516,0.4145224,0.9899719,0.1872059,-0.907506,0.4426586,0.8704,0.3470111,-0.7041876,-0.9541507,0.7266524,-0.7075915,0.1417023,0.6175475,-0.8410971,0.09583795,-0.8309867,0.6740656,0.8498263,0.5882101,0.1961414,-0.1588968,0.8233924,0.1494814,0.914104,-0.02669442,-0.2869157,-0.9974926,-0.6136687,0.6032302,-0.3063339,-0.5901527,-0.7124362,-0.6365857,-0.9517651,-0.7125118,0.8859916,-0.2956043,0.9598041,0.6329381,-0.691262,0.09016168,0.6922462,-0.2131757,0.6948555,-0.2044371,0.775398,-0.7705936,-0.5008764,-0.9000716,0.300992,0.5432189,-0.873198,0.6954956,0.5399089,-0.4717077,0.6642005,0.2745585,-0.3143023,-0.5757334,0.9271879,-0.11769,-0.4157451,0.1487039,0.4890651,-0.6716671,-0.7183402,0.2669687,-0.4398352,0.8837562,-0.2017125,-0.7750912,0.5261314,0.689395,0.386029,0.886235,-0.7731466,-0.7601857,0.9460866,0.04793847,-0.3271476,-0.1340507,0.5781569,-0.5352471,-0.9054804,0.5729349,0.3352854,-0.598238,-0.2011269,0.3296437,-0.4838043,0.05170929,-0.4808217,-0.9510982,0.8049495,-0.8615055,0.9723539,0.2918014,-0.07556236,0.8878961,0.1888374,-0.3610276,0.8868589,-0.9587057,0.2035033,-0.6081038,-0.7818029,-0.5243278,-0.8974395,-0.4045302,0.4187169,-0.4850982,0.6358643,0.8766472,-0.1256825,0.9949615,0.4925949,0.5916841,0.6433489,0.6724486,0.2741332,0.2962572,-0.1901966,0.9029286,-0.540647,-0.9547398,-0.3581032,-0.4863755,0.9114091,-0.04139507,-0.9539847,-0.6057999,-0.4054285,0.5853634,-0.6593077,-0.09897912,-0.7847779,-0.7761889,0.4821913,-0.5467632,0.3028671,0.8568268,0.4295242,0.6922119,-0.8279061,0.8896909,-0.9657807,0.281101,-0.7525201,-0.7447908,0.637244,0.5379038,0.369303,0.9457974,0.9084349,-0.1127115,-0.6881144,0.7681172,-0.3250395,-0.1140414,0.3367295,-0.9350834,-0.1975878,0.5398049,-0.5401728,-0.9494467,0.7623448,-0.5377681,-0.2124835,0.430001,0.9361873,0.14825,0.6842134,0.9330091,-0.2492837,0.7379467,-0.6806865,0.9426811,-0.7522285,-0.4540468,0.1083363,0.771981,0.1813673,0.9989984,0.7882891,-0.2788352,0.6876614,-0.8707411,0.3711648,0.9437075,0.8784595,0.6080437,0.1740543,-0.7959166,0.8809204,0.1454455,-0.9286721,0.1537894,0.6366861,-0.8889484,-0.460204,-0.4171239,-0.7369964,0.09782684,-0.9025087,-0.9598329,0.9940908,0.3245754,0.04562652,0.003160357,0.9272485,-0.5423558,0.3262348,0.4252984,0.3675508,-0.9788229,0.443134,0.6531098,0.7070258,0.6574039,0.6877289,0.4320464,-0.3627743,0.4463391,-0.3043839,0.07681668,0.292418,0.4905505,-0.9662237,-0.9724901,-0.09604037,-0.3246056,-0.08705747,0.9128699,0.3917176,-0.9124179,-0.08522832,-0.502888,-0.388276,0.08412731,-0.9469345,-0.2533118,-0.4294993,0.2278737,0.1745771,0.374403,0.2650883,0.5594711,-0.5473316,-0.17568,-0.7349067,-0.9491525,0.8569424,0.7092793,-0.8451149,0.297486,-0.1743957,0.2617652,0.2730174,-0.7282619,-0.03567493,0.1440665,-0.09000766,-0.4427651,0.0006276369,-0.2782255,0.6304595,0.8355289,0.6743715,0.2555601,0.2369839,0.3520806,-0.4577142,-0.2468187,0.8664844,0.3136463,-0.5034387,0.2275387,-0.04860723,0.8283091,0.2143089,-0.2897979,0.6523468,-0.4338993,-0.2577232,-0.1660508,-0.1637684,0.5109112,0.01052678,0.8246014,0.7947772,-0.5273783,-0.4469148,-0.4636768,0.4931376,-0.4180287,0.0105871,0.4878521,0.3377049,0.6837966,0.5691473,-0.9705915,-0.2037364,0.3103742,-0.5950847,-0.7701828,-0.7095101,-0.2386454,0.8755536,0.977644,-0.661937,-0.02014816,-0.9921408,0.6767077,0.6787565,0.6710715,-0.9403889,-0.1183914,0.9628127,-0.1454126,-0.4745528,-0.5207777,0.8738191,0.03919065,0.03711784,-0.06729424,-0.09468615,0.4915378,-0.8551528,0.4036832,-0.877656,-0.7403975,0.8519177,-0.4587926,-0.1448671,-0.4305402,0.5423453,0.0720607,-0.3011497,0.683867,0.9522054,-0.3293957,0.7828302,0.1456794,-0.4418603,-0.8943346,-0.7203341,0.2040702,0.7376018,0.1360296,0.03908956,-0.07227767,0.652652,-0.5747035,-0.007926345,-0.5215321,-0.1813418,-0.8048298,0.6066594,0.2334627,-0.2706465,-0.5095048,0.0675298,-0.2871886,-0.2476333,-0.7840183,-0.4671227,0.551178,0.2465793,-0.7166927,-0.3969165,-0.3914238,0.1315712,0.5605803,0.2623396,0.5049262,-0.5171041,0.9094515,-0.1916994,-0.5759511,0.6382318,0.1129867,0.4991977,-0.443349,-0.09328425,-0.5802064,0.4022777,0.6394973,-0.8994825,-0.4550749,0.1912104,-0.7201376,-0.4227775,-0.1349639,-0.5842764,0.7739332,-0.9860954,-0.4695789,0.9218972,-0.06493318,-0.9417303,0.7457027,-0.8955038,-0.5702639,0.2418584,0.2543039,-0.2127897,0.0796572,-0.7308969,0.9855359,-0.0006402731,-0.558666,-0.8401678,0.3513643,-0.904325,-0.5098433,0.04886568,-0.3437809,0.1525062,-0.9893944,-0.925926,-0.5942633,-0.7236938,0.06056297,0.8388655,-0.3302323,-0.2570332,-0.3085982,-0.8461514,0.6032684,0.1238025,-0.4390172,0.3775692,-0.9683223,-0.4011229,-0.3196791,0.454195,-0.3260387,0.06099141,-0.3105856,-0.492191,-0.0847019,0.1844143,0.9684119,0.9419432,0.2299179,0.09128273,-0.7239659,-0.9590938,0.6954932,0.7928209,-0.857444,0.8256967,0.5943987,-0.879914,0.7478864,-0.405145,-0.6529419,-0.5770922,-0.2463809,-0.5892634,-0.4488765,-0.1055135,-0.4667405,0.1596423,-0.2854623,0.3040023,0.53251,0.9757645,-0.08054674,-0.0861789,-0.632024,-0.5326462,-0.5422711,0.2368177,-0.2177457,0.4238503,0.4574752,-0.8548517,-0.8865399,-0.6588314,0.1607767,0.2525146,0.1876916,-0.3847834,-0.322409,-0.156437,-0.8405786,-0.20198,0.5259459,0.3436224,-0.2125357,0.2393802,-0.006256461,-0.6163304,0.3733318,0.6626008,-0.4394146,0.3103294,-0.7258654,-0.9180648,0.6934175,-0.8283076,-0.1826545,-0.2908837,-0.3055609,0.09982622,-0.9858727,-0.6965022,0.9954126,-0.2360286,-0.452402,0.2425627,-0.3926674,0.73332,0.9267693,-0.717454,-0.2837929,0.0865165,-0.8457174,0.3908338,-0.01725209,0.8917434,-0.701946,-0.4843205,-0.9552314,-0.371652,-0.2940515,0.6193402,0.1870936,-0.9043262,-0.2737774,-0.5606205,0.8416352,0.4315459,0.1013857,-0.7376995,-0.6584318,-0.9780903,-0.5479717,0.9095569,-0.9209137,-0.4596611,-0.9951754,-0.8547993,0.02678716,0.4209852,0.5739224,0.8590693,-0.1211826,-0.6671503,0.5077791,0.3721409,0.05301845,0.7819645,0.1246742,-0.5504665,-0.9624503,-0.7194293,-0.01924479,0.6633179,-0.04609334,0.09579027,0.3433532,0.704124,-0.286101,0.7285547,0.6363544,-0.6770344,-0.2412833,0.01225531,0.1789628,0.0742296,0.726619,-0.5461912,0.6893513,-0.7580845,0.9832807,0.1815239,-0.1377367,-0.07311738,0.9802506,0.3158066,-0.7601595,-0.7749569,0.4646296,-0.2023898,-0.1500932,0.5854404,0.7272894,0.8532786,0.001558185,0.01519525,0.00126493,0.6937637,0.13844,-0.07656658,-0.5588119,0.4989454,0.5090609,0.6747956,-0.7022643,-0.06930315,-0.6275811,0.1972765,-0.3904096,0.3503203,-0.2547084,-0.1839646,-0.8009489,0.02940786,-0.1924516,-0.8509724,0.6459794,-0.7971089,-0.07960021,-0.5397496,-0.3414315,-0.4388157,-0.9968603,0.001048207,0.5752246,-0.510303,-0.1501549,-0.1751746,-0.5055172,-0.4566053,0.6716516,-0.2615305,-0.1635853,0.8913071,-0.8547902,0.3367212,0.1571211,0.05089486,0.01822054,-0.3096381,-0.4579614,-0.08140647,-0.0814513,0.04264963,-0.8796215,-0.5632608,-0.7536039,-0.5962627,0.8595805,-0.2713531,-0.5707884,-0.5744221,0.5729241,0.406614,-0.2105888,0.3053915,-0.7443433,0.5081694,-0.8091583,0.6243567,-0.5991488,0.4876761,0.9239502,-0.6996996,0.6839604,0.5810778,0.2269663,-0.4059151,0.4467737,-0.7840052,0.03636014,-0.9116175,0.4037246,0.01385438,0.3239176,-0.2542452,-0.4925114,0.4721961,-0.7174525,0.1289748,-0.8778987,0.9265711,-0.9377367,0.8671911,-0.9023197,0.7127225,0.9527397,0.7248254,0.7832029,0.1086971,-0.02633536,0.8205776,-0.06370938,-0.7522471,0.6963704,-0.7817028,0.4015753,0.8399947,-0.3428487,0.6032686,-0.7935669,0.4342804,0.7533364,0.486191,-0.9748533,0.5968082,0.7203615,0.9568257,-0.3618478,-0.2053665,0.7476416,-0.3049001,0.9967608,0.6769698,-0.07894695,0.007656217,-0.88414,0.0005637407,-0.4997879,-0.4398023,-0.8525472,0.7984843,0.8350694,-0.7510428,0.4001078,0.9033964,-0.7908742,-0.4191848,0.5760648,0.3294322,-0.4773759,-0.5383244,-0.06010902,-0.1087219,-0.0289427,0.7194314,0.9962943,0.3304372,-0.8452044,0.477875,0.02188671,0.2536518,0.4050631,-0.2341107,0.4328339,-0.3255807,0.6171925,0.3853454,0.9017479,-0.9527564,0.6995492,-0.4686247,0.3995716,-0.7422323,0.431787,0.2263409,0.1807419,0.4414034,-0.07073581,-0.2211794,-0.2227849,-0.6920965,0.815639,0.5471609,-0.6208162,-0.5892398,0.6482372,0.7156086,0.7001052,-0.4858981,-0.239175,0.03525007,-0.6759555,-0.092677,-0.3623413,-0.460925,0.5464344,-0.3295838,-0.09590852,0.2011467,-0.996979,-0.05489314,0.7403526,-0.270337,0.4357016,0.1290516,0.8398423,0.7389028,0.3474462,-0.3090228,-0.1599072,0.7160039,-0.9266336,0.08824122,-0.3942143,-0.9391613,0.3602936,0.4638545,0.4685542,-0.7657981,-0.2400476,-0.1570255,-0.4064568,-0.8801365,-0.8468335,-0.8071144,0.1953915,0.05024493,-0.4639722,0.66783,-0.2775341,0.9658058,-0.8055203,0.6337323,0.5772245,-0.6841793,0.3285935,0.4774418,-0.7744207,0.5188591,-0.6293802,0.5578101,0.7748091,0.6017976,0.1728569,-0.1936637,-0.9835405,0.5030923,-0.4165868,-0.9042761,0.104916,-0.7541625,-0.8940179,0.1290859,0.430794,-0.561317,-0.5415576,-0.1204146,0.8216407,0.4936053,-0.6153207,0.1442703,0.0613786,-0.9717097,-0.7024581,0.07651579,-0.2544822,-0.459221,0.9792643,0.8069947,-0.6942666,-0.1922957,-0.1784717,0.9699068,-0.8509099,-0.008956075,-0.1165229,-0.01589715,0.4489045,-0.7722886,0.842252,0.4953644,-0.2216808,0.4347505,-0.3704652,0.7641428,-0.7775528,0.261657,-0.5942366,-0.9080806,0.8773773,-0.2768916,0.9897876,0.3081221,0.450267,0.1842917,0.8101532,-0.01950824,-0.8022888,0.02416027,0.5161815,0.8654611,-0.5229309,0.6590075,-0.1884013,-0.221512,-0.6654084,-0.4975895,-0.7073786,0.1120604,-0.2254709,-0.5892425,0.8482561,-0.5142846,0.1515888,-0.5706301,0.6498516,-0.3730613,0.2570409,-0.4734801,-0.7467656,0.421421,0.5561075,-0.640615,-0.7981327,0.8198578,0.8075814,0.4748523,0.02995694,-0.5738003,-0.5995748,-0.8851099,0.9328961,-0.968152,0.3472221,0.5446,0.2612648,0.6260433,0.5816898,-0.8740866,-0.1122516,0.2045594,-0.5752156,-0.1265453,0.8810048,0.05572474,-0.02267897,-0.7095668,0.4148321,-0.372583,-0.2417444,-0.5931416,0.201394,-0.6940091,0.2898245,-0.6944678,-0.8559241,0.1764475,0.04143417,-0.5634675,0.7011263,-0.4645742,0.8091652,-0.4599258,0.9425888,-0.6910722,0.7155519,0.2179853,-0.6996989,-0.9757721,-0.2942775,0.5288448,0.6117265,0.6617992,-0.9846907,0.1835147,-0.6577506,-0.4161683,-0.1202615,0.9047949,0.3747058,-0.7327743,0.7359011,-0.7808127,-0.3574823,0.9856761,-0.6615484,-0.02620852,0.5393536,-0.5567641,0.8083799,-0.3589772,0.8497369,0.05639088,0.4038405,0.6795187,0.04309213,0.8754373,-0.5636892,0.4581372,0.1471819,-0.01584876,-0.6513298,0.9644978,-0.2786554,-0.09893763,0.7823346,0.9569864,0.9121218,-0.7244318,0.5545793,-0.1895317,0.3871758,-0.5906136,0.3139288,-0.5524452,-0.102897,-0.2840322,0.9137516,-0.2494701,0.04804409,0.3548205,0.340151,-0.2761947,0.9018588,-0.7513008,0.1890401,-0.6098642,0.9931312,0.0423106,-0.9780498,-0.3236126,0.1233937,0.1563481,0.1291848,0.2275604,0.1793357,0.6785777,0.2081257,-0.5111845,0.4261789,0.6051986,0.61392,0.8023522,-0.2590617,0.7802515,0.7065523,-0.6531236,0.7958527,0.8917358,-0.560504,0.1149832,-0.3474871,0.9473743,-0.114812,0.7871635,-0.7777014,-0.3550423,-0.7698491,0.3695945,-0.9140673,0.8884091,0.318474,-0.3693434,0.400737,0.9032447,-0.1498157,-0.5303185,-0.8175511,0.5538952,-0.7394702,0.4432232,0.4134359,0.5677722,0.08040106,0.7091935,0.3303034,0.901473,-0.2006921,-0.1204675,-0.9967039,-0.5760183,-0.868398,0.4186568,0.5276506,0.2867155,-0.9442117,-0.6425686,-0.6044965,0.5202372,-0.4684199,0.4257707,0.6400754,-0.4055787,-0.6433752,-0.2917784,-0.3889974,-0.8816061,0.6294043,0.8305287,-0.3032473,0.1816782,-0.8123162,0.6873312,-0.177689,0.8000972,-0.05117905,0.7983222,-0.08653581,-0.439885,-0.00243628,-0.3328477,0.145491,0.06433189,0.3995194,0.8433802,-0.4323674,0.8498807,0.1635228,0.6439857,-0.557652,0.2417163,-0.2088531,0.7297268,0.474952,-0.5754111,-0.7490141,-0.4158291,0.05495179,0.2106,0.4277024,-0.7589397,-0.4340061,0.7659607,-0.3103389,0.9123306,-0.2138938,-0.2595016,0.1819445,0.9037592,-0.885607,-0.677624,-0.691844,0.995321,-0.9790719,0.7823188,-0.5338728,-0.7784829,0.2708277,-0.1606895,0.4834616,-0.7960398,0.263411,0.1247846,-0.7880902,0.3914497,-0.3201894,0.2659042,-0.217007,-0.9041061,0.3631291,0.04436362,0.9684124,-0.3156098,-0.06530893,-0.3249496,0.7697453,-0.02001345,-0.2953295,0.5325935,0.6987352,-0.9588165,0.2389365,-0.8273149,-0.3906051,0.3080489,0.6969132,-0.5488415,0.1314524,-0.6376925,0.04470503,0.4247539,0.7808917,-0.8792751,-0.994359,-0.2482074,0.9273467,-0.8191469,0.145027,-0.4609522,-0.6846721,-0.1034998,-0.09714186,-0.929966,-0.2329625,-0.7913268,0.9388535,-0.4351884,0.2986679,-0.6925261,0.08775914,-0.7059009,-0.2491583,0.1703132,0.2432219,-0.9935715,-0.5796998,0.8235819,-0.2668506,0.01297653,0.493258,0.3502772,-0.1540323,-0.6512406,0.2469536,0.4161384,0.1522998,-0.759346,-0.1536297,0.08300388,0.2637713,-0.1151477,0.07999027,0.01590168,-0.34907,-0.03290403,0.4170761,0.8608437,-0.4932688,-0.8872736,-0.9024143,0.09293759,0.5016656,-0.4873835,0.9036791,0.6703746,0.1732394,0.8085232,-0.3489352,-0.2766904,-0.6567054,0.913986,-0.03290212,-0.6018219,-0.8735719,0.2663424,-0.6404479,0.870276,-0.3633457,0.3310301,0.1727735,-0.6787479,0.5532894,0.9398069,-0.5736187,0.704484,0.1401938,0.3878727,-0.28154,0.8927958,0.4475345,0.9158113,0.7253082,0.09678161,0.7933998,0.9838974,-0.5121467,-0.7637379,0.7952228,-0.8704834,0.2463292,0.796839,-0.08223712,0.7377918,-0.7350159,-0.5645671,-0.6064429,-0.1629897,-0.4168721,-0.1107424,-0.5623431,-0.9809694,-0.4146982,0.08061016,0.05668461,-0.01001441,0.3986828,-0.4998475,-0.4181012,-0.4536704,0.5893145,0.4680781,0.861933,0.3400857,-0.153082,-0.1052915,0.05530703,0.5724328,-0.95136,0.7078252,-0.3207418,0.4197378,0.2175122,-0.8494639,0.01659477,0.3390588,-0.4047438,-0.05883443,0.55527,0.03798521,-0.212865,-0.3047045,0.454966,0.2737338,0.2347423,-0.9468696,0.6182723,-0.9888573,-0.1810671,-0.2221586,-0.9676909,0.07822692,-0.4265364,0.283971,-0.6097331,0.406049,0.9209585,0.567378,-0.7267933,-0.7483356,0.2938623,-0.3238786,-0.3045338,-0.3750914,0.6251619,-0.3544475,-0.5262415,0.390016,-0.3885275,0.08678758,-0.2082807,-0.9443214,-0.6956832,0.1203653,-0.6354878,0.9328947,0.6864204,-0.6228139,-0.9449573,0.8788574,-0.8253205,0.7119637,0.2600295,-0.1237482,0.121503,0.535495,-0.3890301,-0.4991711,-0.3034006,0.9832265,-0.8500354,0.6245182,0.4348969,0.9343584,-0.129289,0.1896156,-0.1122237,-0.6681383,-0.1928865,-0.1558424,0.9124124,-0.4065126,0.5034604,0.3964219,-0.4407331,-0.4481817,-0.5740473,0.405164,-0.04005134,0.9205003,0.1459972,-0.4033698,-0.5940971,-0.8137102,-0.9668527,0.5301435,-0.6820567,0.8084438,0.1794153,-0.4080411,-0.8431754,0.3419561,-0.900408,0.6199222,0.9086814,0.3791992,-0.6047211,0.9469485,0.7001114,-0.155152,0.4252894,-0.2902786,-0.0100764,0.9699662,-0.5337746,-0.09413898,-0.4521173,0.0405041,0.8117974,0.3505585,-0.9098771,-0.9473007,-0.1011957,-0.9353178,0.4275346,-0.7256739,-0.6556287,0.8848386,-0.131873,0.1175719,-0.387457,0.7651322,-0.7101483,0.4464268,0.9645848,-0.1878084,0.9137273,0.04887068,-0.8886225,0.8693049,-0.04002512,-0.4606417,-0.03390205,0.266483,0.2661957,0.2395993,-0.3598827,-0.5043917,-0.2675437,-0.7576983,-0.5763588,0.6418459,0.2239023,-0.8256869,-0.6511097,-0.9517381,-0.9143181,-0.1580881,-0.8069003,0.03491175,-0.1007704,-0.4401375,-0.7244897,0.5769365,-0.2504588,0.2171508,0.07727945,-0.7243347,0.5845106,0.650245,-0.8117197,0.8528662,-0.4035023,0.4195916,0.335226,0.8668015,-0.1927766,-0.3545491,0.2883589,-0.8316231,-0.07044899,0.6162047,0.230435,-0.7768073,0.6158321,-0.2714683,0.4398224,-0.3211588,0.130967,-0.2265991,0.4349246,0.5398984,0.8302157,0.8074343,-0.6031168,0.006601691,-0.5447035,0.06400621,0.5409408,0.3456697,-0.7180498,0.4670415,-0.1210254,0.3429401,-0.1019713,0.2654612,-0.3606256,-0.796423,0.4125945,-0.5591729,-0.5595555,-0.6822307,0.2541976,-0.6275127,-0.7254376,0.2695849,0.01346695,0.3296511,0.1633915,0.5222549,0.284507,0.05780232,0.182597,-0.9745984,-0.08528125,-0.465993,0.9684498,-0.8250957,-0.823029,-0.3376373,0.790904,0.1505283,-0.8184962,-0.2213959,-0.1004995,-0.7821195,0.06379139,-0.5090168,-0.326219,0.5383952,-0.3942741,0.5996869,-0.2983717,0.9883037,0.7144108,-0.3029383,0.4169941,0.04524195,-0.7537141,-0.9097433,0.1970664,-0.6967714,-0.01453936,-0.416032,0.9455588,-0.6811655,0.1098853,-0.8937838,0.9665883,-0.8004165,-0.3164271,0.9061933,-0.3418003,-0.7467432,0.101772,0.5064945,0.1125246,0.1138831,-0.6578488,-0.10891,-0.1680013,0.2903681,-0.5441577,-0.683115,0.5013766,0.7654784,0.6407969,0.5733199,-0.7567413,0.03503382,0.05903709,-0.6059151,0.1384546,-0.8168533,0.703558,0.2173933,0.1100863,0.4543891,0.850945,0.7600014,-0.5996816,-0.6513529,-0.5399997,-0.7068219,-0.4027795,0.5482378,-0.4635035,0.7260313,-0.134791,-0.429216,-0.1108354,0.399347,0.3619215,0.3660173,0.07788193,-0.001860738,0.008156419,-0.7532134,-0.4663342,-0.6654785,0.5315781,-0.3468043,0.2393695,0.4077282,0.8388314,-0.6863441,-0.02879703,-0.4597036,-0.2268804,-0.9140985,0.8629625,-0.5777388,-0.7223053,-0.6621525,0.2680709,-0.7006919,0.9424205,-0.5635164,0.04300869,0.4403064,-0.05633843,0.761272,-0.5766346,0.01345265,-0.355688,-0.4101392,-0.1666223,0.631747,0.5195401,0.4306185,-0.755429,0.3289184,0.8992403,0.4870534,-0.5022089,0.1491586,-0.6681659,0.6726081,-0.4226903,0.685756,0.6407871,-0.5616753,-0.4535519,0.9617267,0.1304685,-0.3804435,-0.332759,-0.947279,0.3086812,0.8515449,0.1136559,0.9646139,-0.2135133,-0.139927,0.9560595,0.2165996,-0.6657631,-0.6033492,0.6437125,0.5772457,0.8697023,0.4464843,-0.8522489,-0.9794366,0.5365059,-0.9363732,-0.7612314,-0.8078816,-0.5206854,0.3751697,0.1185075,-0.4324476,-0.1385292,0.8882778,0.002542377,-0.80638,-0.3471051,0.5536211,-0.9155591,0.4392905,0.6188622,-0.9717264,-0.6661761,-0.1674589,-0.6081564,-0.214672,-0.74875,-0.2980775,-0.6972957,-0.8886631,0.1836065,0.3517255,-0.2709781,-0.3008603,0.906539,-0.5533404,-0.9449546,-0.03494632,-0.2999288,0.49828,-0.3957068,0.02910173,-0.9146042,-0.9091728,-0.5965378,-0.5654607,-0.4990965,0.5963087,-0.7278726,-0.1215674,0.9694993,-0.1590565,0.3153836,-0.8344197,-0.7479091,-0.7510068,-0.2021469,-0.05200922,-0.2804753,-0.8497341,-0.6161258,0.6149149,-0.1632353,-0.4557465,0.6715517,0.5394995,-0.7937939,0.9063847,-0.463883,0.568356,-0.301488,0.3432731,-0.04543102,-0.05694997,-0.1135651,0.9880807,0.4513211,-0.9268205,0.8938572,-0.691771,-0.7259617,0.4767539,0.2462002,0.6187241,-0.7575822,-0.06555521,0.2369725,0.9833655,-0.8859348,0.6690512,0.3991446,0.583457,-0.622817,-0.1519045,0.1388487,-0.1924897,0.6047006,-0.9925864,-0.1101342,0.5540063,0.9522934,-0.8366277,-0.2372886,-0.2767676,-0.919039,0.6088138,0.3065295,-0.5205019,0.4809258,0.6645746,-0.9872203,-0.6374655,0.2248827,-0.5419981,0.8442614,-0.3513416,0.5674865,0.08275068,-0.8524671,0.7372718,-0.5777712,0.344506,-0.6245766,-0.4438804,-0.9091578,-0.5392559,-0.4791318,0.4048171,-0.5028217,0.2173349,-0.615695,0.926599,0.5724339,0.4037597,0.07256758,0.7857509,0.368,-0.04319584,0.8972592,0.7569251,-0.9660134,0.2106558,0.0633415,0.322459,-0.8938987,0.1982812,0.5744176,0.09287345,0.3763666,0.3671848,-0.2767211,-0.922128,-0.320171,0.9199889,-0.2134014,0.6359808,0.7283387,0.2707774,0.5160813,0.9701829,-0.5177467,-0.1055585,-0.8249319,-0.152557,0.3977034,0.6038871,0.08128822,-0.7917459,-0.2009648,-0.728127,-0.3736831,-0.01980865,-0.3969413,0.3078482,-0.3721591,-0.05790174,0.4724593,0.6967437,0.6909156,-0.934833,-0.4751424,-0.9723697,0.9466362,0.08588374,-0.7759204,-0.754333,-0.0137161,0.1989726,-0.01125419,-0.6690581,0.4032545,-0.737941,-0.7206123,0.1496452,-0.169145,0.1533293,-0.6119311,0.93397,-0.3612806,0.07488072,-0.8230767,-0.834677,0.8345602,0.8115401,0.5321944,-0.8809261,0.4561979,0.6267457,-0.1676091,0.6159983,-0.06627214,0.1491126,-0.9456673,0.5552599,0.4449377,-0.1874171,-0.6222687,-0.342301,0.1355642,-0.04898989,-0.6395786,0.4842117,0.0903126,0.02517259,-0.894917,0.9126832,-0.3638593,0.2571823,-0.4691681,-0.9369712,-0.2411145,0.8978951,-0.6895535,0.6767151,0.5369349,0.7042704,-0.6578894,0.5122535,0.7828178,-0.4303972,0.6809192,0.8035808,0.9562519,0.3232388,-0.03839934,0.907537,-0.8809767,0.3445525,-0.2888051,-0.8529556,0.9636502,-0.1292435,-0.9682114,-0.3302935,0.9051933,0.8355439,0.2130104,0.3510239,0.4524481,0.7469029,-0.5464563,0.2256211,0.4320149,-0.4392945,0.3068926,0.5863435,-0.1905969,-0.8774414,-0.2564689,0.6310887,-0.3687466,0.3356778,0.6396177,-0.6726155,-0.5508897,0.3397963,0.1519367,-0.3957845,0.995574,0.724973,-0.008193135,-0.795191,0.9163375,-0.06721199,-0.7401204,0.1227492,-0.5068989,-0.212356,-0.2696275,-0.7795939,-0.7000117,0.9560313,0.4794521,0.2187353,-0.5271118,-0.2962219,0.4013982,0.5771334,-0.2535025,-0.1772808,0.9974306,-0.6295393,0.6881847,-0.07393539,0.9764118,0.5061083,0.2026702,-0.3498873,0.9430473,-0.2592341,0.1555413,-0.9133253,0.9049978,0.2234589,-0.4474965,-0.5613718,0.2518961,0.9036043,0.41225,-0.686291,0.799829,-0.4918255,-0.5647216,0.2524669,-0.6282706,-0.0353421,0.8589072,0.8600423,-0.3466855,-0.5067298,-0.7284822,-0.6449935,-0.8193417,-0.797132,0.02167141,0.341851,0.03550541,0.4637925,0.9550538,-0.2006179,-0.5270846,0.09363639,0.1275107,0.2882917,-0.4074591,0.8229425,0.7828534,-0.7758713,-0.8369575,-0.8545263,-0.1831146,-0.245983,0.6654484,-0.9258862,0.619494,0.4351282,0.9083934,-0.5044091,-0.1788398,-0.4162444,-0.1577364,0.4046423,0.8162887,0.128786,0.2019662,-0.6068192,-0.4373454,-0.02084482,-0.7123308,0.05500805,-0.4313456,0.6471231,0.9407907,0.3015911,0.9941332,-0.4390744,0.7859545,0.8210917,-0.9520481,0.5601313,-0.9284446,0.5399814,0.2995021,-0.2062954,-0.6233411,0.1627389,-0.07619107,0.3737673,0.7947135,0.3320138,0.4545946,0.04772222,-0.7596209,0.958214,-0.1589557,-0.320454,-0.0324837,-0.5655379,0.5452764,-0.2160324,0.8894572,0.157101,0.1061221,0.000374198,0.7666569,-0.1849684,0.5198569,-0.2388111,0.02250659,0.7578096,-0.6127162,-0.5239048,0.4864263,-0.698436,0.5680232,-0.4273018,0.5707645,-0.4581271,-0.06703007,-0.7164865,0.6685019,-0.5396852,0.1865622,0.1852111,-0.01709878,0.2387856,-0.1724206,-0.4641792,0.4909358,0.5029113,-0.1452843,-0.468702,0.2988178,0.8005116,-0.8138278,-0.115404,0.9935427,-0.9029531,-0.5097127,-0.969105,0.2923217,0.5396564,0.8220825,-0.7458661,0.4099252,0.02000654,0.4020877,0.2133182,-0.7650478,0.6083579,-0.06644428,-0.2903599,0.6023238,-0.2994648,-0.8406725,0.01981699,-0.3818918,0.004652619,0.7434759,0.3408994,-0.9742193,0.7903876,-0.2639288,0.6061084,0.6715784,0.0007213354,-0.2159654,0.4461858,0.6763504,0.3087985,-0.09597456,-0.7872169,-0.7987709,-0.88715,0.0696274,-0.3915819,-0.624584,0.7664669,-0.9039419,-0.03919876,0.2228001,0.7122009,0.3282559,0.3064768,-0.5185022,0.5794141,0.101323,0.9030538,-0.5478275,0.02759421,-0.8276134,-0.1105942,0.5738707,-0.003486991,0.8676999,-0.3826658,-0.1205374,0.8981986,0.116402,0.7724199,0.3230035,0.3980434,0.6536934,-0.02065217,-0.2953357,0.5887399,-0.8319683,-0.8636472,-0.8900857,0.9837413,0.0465194,0.5954249,0.2181638,0.150443,0.2926378,-0.06063712,-0.42635,0.8909528,-0.04443944,-0.7290602,0.1173538,-0.308705,0.8319645,-0.9927757,0.9992318,0.6699474,-0.1881138,-0.2996093,-0.187297,0.02018178,0.2925176,-0.04951894,0.8032434,-0.2360846,0.5162945,-0.629828,0.3332286,0.04515994,-0.9235735,-0.02479231,-0.1091815,-0.2570728,-0.9810934,-0.9318163,-0.435438,-0.6784036,-0.08352339,-0.84532,0.9960005,0.5834744,-0.1707655,-0.5399387,0.6957874,-0.1228145,0.06883466,0.4491832,0.8243635,-0.9809089,-0.7035954,-0.7084591,0.6709144,0.2392946,-0.8337786,0.688729,0.6334865,-0.9876685,-0.8574541,0.3873963,-0.05089843,0.4053242,0.1537834,-0.1038698,0.7827475,-0.1636149,-0.06989157,0.4399523,-0.119434,0.02324569,-0.2456132,0.5319986,-0.03603113,-0.5667675,0.5080266,0.1329073,-0.6902142,-0.960649,-0.8599379,0.2861342,0.7942133,-0.3402051,0.2231711,-0.7893572,0.6082473,-0.5301933,0.6347685,0.2409836,0.2537901,-0.6852751,0.5332763,-0.5494187,-0.9919012,0.9324205,0.7961612,-0.5931337,-0.3873786,-0.1307389,0.04645383,-0.2977682,0.8651607,-0.6942208,0.1669918,0.6806614,0.5878665,-0.8122151,0.3505242,-0.44774,-0.4365319,-0.329542,-0.7381763,-0.481537,-0.8044245,0.1143669,-0.1283914,0.3166752,0.2749238,0.1681758,-0.920531,0.5632195,0.5759802,-0.2661,0.09217036,-0.01554596,0.6338704,-0.6150911,0.8182845,0.2372128,0.1631101,-0.1004771,-0.05494416,0.2826681,-0.9363949,0.1711363,0.9010515,0.5330124,-0.3545595,-0.2837006,-0.6196837,-0.3246294,0.1109172,-0.6946228,0.04265726,0.9738004,0.9681082,0.4031825,0.4026506,-0.5467896,0.8732121,-0.1877352,-0.3753759,0.4660158,-0.1110893,-0.03186977,0.1059262,-0.2929436,-0.8153284,0.6090667,-0.2713126,0.1015862,-0.2019471,0.6070991,0.2089072,-0.5615327,0.9811981,0.1961244,-0.09301341,-0.871609,-0.4251937,-0.5537579,-0.4643949,-0.1919571,-0.6635549,0.5506041,0.9164808,0.3335194,0.361278,-0.2585779,0.3744199,-0.3181566,-0.3600897,-0.9765573,-0.9534814,0.4529419,-0.7766502,-0.9780128,-0.4905926,0.8461938,-0.9560819,-0.6702108,0.2328116,-0.840102,-0.9775729,0.281264,0.1017464,-0.2606634,0.1137022,-0.9713478,-0.8826754,-0.8554871,-0.9884305,0.7940171,0.3538744,0.2251114,0.9273808,-0.7182119,0.6385884,0.2253081,-0.03681505,0.6399431,-0.4729122,0.9430974,0.6398723,-0.9634326,0.124122,0.924686,-0.1016549,0.08565438,0.4874019,0.9842913,-0.07535303,-0.793,0.8275466,0.7747467,-0.7783747,0.2194902,0.4388556,0.7709539,-0.4620122,-0.5101864,-0.4679822,-0.429871,-0.922457,0.4020679,-0.2610134,-0.4672703,-0.274165,0.8681316,0.3876257,0.05124319,0.7119634,0.3302052,0.64977,-0.4896964,-0.3246809,0.9995408,0.4774897,-0.4789609,0.7028072,0.03859937,-0.5802667,0.6066861,-0.7995696,-0.06391776,0.1580297,0.1202728,-0.4823736,-0.3905724,0.9529331,0.2246696,0.1361104,-0.9539618,0.3259687,-0.4362577,0.7898006,0.8318841,-0.2806891,0.9653008,-0.4858915,0.4529228,0.7119892,-0.149808,-0.684257,-0.7028055,-0.6770854,0.2406954,0.9129155,0.244222,0.4965868,-0.9660041,-0.5088074,0.8388433,-0.6263845,0.2323221,0.8258495,0.4491508,0.2361027,0.1338795,0.4190981,-0.4959983,-0.7648427,0.1500753,-0.4525086,-0.265668,-0.521596,0.6516609,-0.9668546,-0.984988,0.5610278,0.7718947,-0.6956711,0.5860896,0.8227925,-0.1756119,0.9210505,0.7250373,0.8976579,0.9161925,0.2395197,-0.937782,0.6209691,-0.2300376,-0.6842806,0.9314482,0.5319924,0.8558249,-0.1066743,-0.7427418,0.9089556,0.7593393,0.9306188,0.7738221,0.9882705,0.3448431,0.2120789,0.6514759,0.6878359,0.6410875,-0.3229979,-0.7397318,-0.4069642,0.769105,0.8037832,-0.3594962,0.9205804,-0.2197677,-0.4594961,0.08152282,-0.7001383,-0.8733716,-0.1812032,0.7017097,-0.7153163,-0.3028022,-0.9417772,0.7350438,0.5919812,0.7844684,-0.3572487,-0.4198469,0.5161664,0.964572,0.1034945,-0.0891372,0.337358,-0.7060699,-0.7144802,0.8975794,-0.294803,-0.4049417,0.05944932,-0.1048902,-0.7756479,-0.3715483,0.1007894,-0.2330834,0.1540419,-0.6563032,0.3500087,0.7450037,-0.1330985,0.0840205,-0.08349884,0.3456425,0.008275867,0.822237,0.6183238,0.1361505,0.9125993,0.6447752,-0.7608826,-0.5154297,-0.7357309,0.267735,-0.4757627,0.4078374,-0.1972376,0.8835869,-0.3743399,-0.5925405,0.7332442,0.6022172,-0.7361546,-0.1806241,0.7940531,0.3155141,0.9457071,0.6236348,0.1142465,0.6036015,-0.05767524,0.7813599,0.8593013,0.3606333,-0.5404923,0.9045322,0.9350755,0.1534804,-0.806251,0.1833833,0.02289903,0.9705181,-0.7144902,0.7532215,-0.4872979,-0.8606119,-0.1819619,-0.05366743,0.7126186,-0.1054631,-0.06066859,0.892458,0.2091252,0.3469886,0.8514342,0.1229051,-0.8969388,-0.521455,-0.758076,-0.6101835,0.802331,0.5024781,-0.08617437,-0.04614127,0.8818493,-0.1768249,0.4531111,-0.9839458,-0.2778929,-0.1649603,-0.01437533,0.03119051,-0.002689719,0.6609702,0.6181896,0.9907858,0.6241374,-0.6010156,0.9491637,-0.3104054,0.4734554,-0.6528804,-0.3006345,0.2402035,-0.3028063,-0.9497962,0.3425219,0.1556388,0.7608602,0.4060468,-0.7185793,0.9671862,-0.4561635,0.6692076,-0.9268725,0.3520047,0.002949357,0.9061344,0.5913687,0.747622,-0.1133457,-0.5772464,-0.5899405,-0.3262695,0.4514131,-0.07428443,0.8629973,-0.6663148,0.6857159,-0.3140534,0.2445902,0.5385461,-0.1360577,-0.8073351,-0.1417629,-0.3501672,-0.8730545,-0.5535991,0.599926,0.5862958,0.03857291,-0.6193368,0.7279816,-0.5132146,-0.1256963,-0.9210637,-0.7226801,0.02922451,-0.1700772,0.5961905,0.2735719,0.1860315,0.89147,0.651351,-0.8754368,-0.4392222,-0.5105455,0.6898808,-0.6431935,0.5131774,0.5526955,0.220816,0.5321736,0.3070681,-0.03881109,-0.6138768,-0.714982,-0.8210073,0.5404136,0.8034673,0.7702775,-0.5637946,-0.1536726,0.6996953,0.3945832,-0.4823824,0.5505846,-0.8312559,0.6099558,-0.8886058,0.8078902,-0.5992906,0.6727066,0.8829408,0.5261569,0.2091337,-0.5927606,-0.4584805,0.8667746,-0.9404597,0.4059725,0.7136762,0.8934705,-0.4449283,-0.6799679,0.4476623,-0.5551865,-0.2468866,0.1296159,-0.6650012,0.2217995,0.003523231,-0.8768928,-0.5095184,0.8159635,-0.917145,-0.6667755,0.866488,0.672014,0.4972856,-0.5566111,0.1420778,0.879179,-0.7594123,0.8123438,0.1630238,-0.5412831,-0.04125464,-0.4495639,-0.5838304,0.6618443,-0.8833361,-0.1875015,-0.2358102,-0.06014788,0.5312889,-0.2903806,0.1328396,-0.8219471,-0.1860131,0.659529,-0.1179744,0.365381,0.2482642,-0.1355408,-0.4483916,0.599139,-0.5222461,0.5407331,0.6326556,-0.4957834,-0.4459513,-0.3242649,-0.8413801,-0.7846084,-0.6655042,-0.4542681,0.2785313,0.5720282,-0.5121801,-0.442248,0.1729969,-0.1113814,0.5576177,0.1032232,0.731976,-0.1429662,-0.7481203,0.8158379,-0.6431677,0.9574089,0.8885894,-0.9865084,0.04762328,-0.4222535,0.2109672,-0.119403,0.967483,0.6177485,0.84622,0.99382,0.9709914,0.3524232,-0.1294776,0.6397493,0.7319071,0.3460135,-0.632323,-0.0211736,0.1972772,0.1850144,-0.3176733,-0.7550609,0.01241386,0.769958,0.8664958,0.8444223,0.7853305,0.619633,-0.4400393,0.8584802,0.3214321,0.1406828,0.3498974,0.8722262,-0.09872591,-0.3446323,0.7541931,0.6407845,-0.458078,0.4083616,-0.1694216,0.03392351,0.001265883,0.02635777,-0.1173292,-0.5753548,-0.8957162,-0.9465585,-0.2541634,-0.9471862,-0.3498801,-0.3426133,-0.6158202,0.6264973,0.9360063,0.5585165,-0.09942782,-0.6058393,-0.3164302,-0.3071431,-0.2103335,0.4391451,0.2920961,-0.1286284,0.930094,-0.7954404,-0.9390266,-0.5427182,-0.7929685,-0.3129174,-0.2691325,0.420196,0.002653241,-0.6259539,-0.4852093,-0.5539231,-0.937557,-0.602432,-0.2253639,0.8324416,0.2165812,0.03393972,-0.3267235,-0.1744589,0.03913319,0.4854743,0.7535512,0.9317687,0.1366409,-0.2981626,0.6961446,-0.3668934,0.4196121,0.6161971,0.04584754,0.6170447,-0.5488384,0.3834619,-0.1465772,0.7218702,0.8314264,0.9799001,-0.6140895,0.4157858,-0.8319037,-0.7773187,0.4440307,-0.5307016,0.6705832,0.538101,-0.4781207,0.4180488,-0.786273,0.07525933,-0.3056875,0.8986459,0.2028447,-0.1781131,0.738724,-0.3052958,0.5755677,-0.1497668,-0.5237966,0.122903,0.1876556,0.1524545,0.3832881,-0.4085733,-0.314422,0.8593297,0.4963584,0.1179751,-0.03429163,-0.6463251,0.1582223,0.9240603,-0.4704281,0.1427909,-0.2684397,0.9590394,-0.773391,-0.905828,0.7105787,0.8479698,0.8484385,0.2766013,0.6815293,-0.819412,-0.2988445,0.9541607,-0.250218,-0.4214839,-0.7685912,-0.5225911,0.6216173,0.5636995,-0.4906851,-0.857743,-0.7970066,0.3773946,-0.927362,0.8365829,-0.1981167,0.9667501,-0.08426678,0.1909579,-0.3411242,-0.2401096,-0.8803201,-0.0750488,-0.8462677,-0.4530278,-0.8776412,-0.5704019,0.109454,0.3690097,-0.8492334,0.1873323,-0.3204201,-0.9291742,-0.3780113,-0.4598714,0.8409517,0.3478906,0.5242398,-0.4446369,-0.576735,0.8621464,-0.9904234,0.9911506,0.2333704,-0.8135972,0.8631907,-0.7457106,0.2856312,-0.3603128,0.3715567,0.2816586,0.8992245,0.1133229,-0.08158982,0.03513443,0.3837709,0.9374967,0.5623317,-0.5029228,-0.3677145,0.07149732,0.9613645,0.8006029,0.4959852,-0.2312225,-0.2333833,-0.9350109,0.484076,0.06016171,-0.8499546,-0.1540149,0.7438025,0.606302,-0.714081,-0.256893,-0.2733408,0.3418419,0.4870631,-0.2117897,-0.5014067,0.6743767,0.4687273,-0.3992578,0.07690442,0.2510557,0.8720956,0.1234373,0.2451378,-0.3950132,0.3882963,-0.4072801,-0.7627501,0.8301275,-0.8947015,0.475203,-0.5322609,-0.6511016,0.885854,-0.3591145,-0.4139038,0.4707501,-0.7209213,0.7021086,-0.4127194,-0.6287065,0.1419245,0.6900301,0.893667,-0.8078396,0.2181631,0.2954633,-0.1707829,-0.6187568,-0.8283782,-0.2041258,-0.8207211,-0.8285971,-0.7949402,0.9450915,0.2061576,0.2838587,-0.5958891,-0.8558359,-0.05127037,0.530015,-0.469036,0.2803743,-0.04455173,0.4602549,0.1153544,0.2015227,-0.5020888,0.622736,-0.5417705,0.08112442,0.1599144,0.1167494,-0.5521021,0.7732806,0.9402566,-0.7920659,-0.1514827,-0.6516719,0.8236341,-0.9399149,0.5641265,-0.232813,-0.7867997,-0.9707198,0.551749,0.9693851,-0.4204251,-0.868273,-0.9387159,-0.2039856,-0.696039,0.6687999,0.06083667,-0.4917165,0.9314504,0.3783345,-0.6200337,0.6080482,-0.3520592,-0.2619778,0.8053467,-0.5098045,0.9892089,-0.4988345,-0.9868629,0.4784167,-0.6750906,-0.1764032,-0.6451654,0.6408291,0.6797638,-0.4022962,0.003119826,0.006618142,-0.8438208,-0.07550466,-0.520998,-0.2327884,-0.411095,-0.4055344,-0.09684622,-0.8692698,-0.3728956,-0.4909395,0.01091421,0.3602299,-0.5253973,0.4042184,0.9021535,0.5877454,-0.889401,0.2540059,0.01488721,-0.5459735,0.8964186,-0.3934833,0.7537906,-0.3519477,0.8269844,0.8562977,0.5889115,0.659934,-0.4973575,0.293633,0.2867121,-0.293789,-0.4266344,-0.2820498,0.4509573,-0.9743075,0.7283771,0.1475371,-0.8307309,0.4896924,-0.7964466,-0.0267092,-0.8004651,-0.397617,-0.5465031,-0.6400387,0.3059935,0.5125306,0.5191064,-0.474039,-0.883426,-0.1356989,-0.8898172,0.664664,-0.3001217,0.1735386,0.6724851,0.6794949,0.6504273,0.6749234,-0.7032633,0.5819309,-0.5508995,0.6858208,-0.6794722,0.1171509,-0.1298505,0.162273,-0.8070421,-0.4114143,-0.6081545,-0.7062895,0.9723263,0.7721443,0.6877716,-0.7722523,0.9009764,-0.8659027,0.5203509,0.3606279,-0.4172796,-0.5450799,0.6119971,0.8356698,-0.02214706,-0.3958453,0.3921959,0.1906718,-0.8116016,-0.9753046,0.4982869,0.3003499,-0.4526964,-0.5732808,0.9847546,0.8479066,0.8894718,0.3073969,0.2711315,-0.5527384,0.8632195,-0.3099703,-0.5572803,-0.08046496,0.3910551,0.7307885,-0.04502904,0.3810136,0.3557164,-0.7478538,-0.4996949,-0.3515223,-0.9882698,0.5109708,0.8015306,0.0414027,0.1788884,0.316947,-0.3009347,-0.3785039,0.09683573,0.7850139,-0.03527009,-0.8938305,0.2230226,0.2144912,0.6448851,-0.2570931,-0.6845329,0.2229851,-0.9992192,0.3318193,0.9044225,-0.1662959,-0.9776864,0.7469587,-0.9423568,-0.4335648,0.8044667,0.9609275,-0.824316,-0.3111345,-0.001615405,0.4945209,-0.9973183,-0.9958215,-0.7276163,-0.5472209,0.9305942,0.9588969,-0.1294073,0.385585,0.8747799,0.2449883,-0.7693367,-0.3092977,0.7728915,0.6777732,-0.9198353,0.8305721,0.5065567,-0.1106364,-0.82004,0.940336,0.7974725,0.3706987,-0.5055962,-0.7558451,0.5055435,0.1692482,0.6069062,0.6026487,0.8117812,0.3808717,-0.1625813,0.6051617,-0.87743,0.8659241,0.7755876,-0.701575,-0.02998149,0.315197,-0.05900943,-0.4566563,0.9846334,-0.6023312,0.9875312,0.2319525,-0.604445,0.7887444,0.3841321,-0.2232596,0.982085,-0.08170474,-0.2303842,0.5549357,-0.1462871,-0.520432,-0.01157916,-0.4600531,-0.9641805,0.5398996,-0.3024257,-0.2723676,-0.4849812,-0.9332139,-0.1093661,0.5085402,-0.4612962,0.1838673,0.9508154,0.9332068,0.816505,0.7599421,-0.9043102,0.6299703,0.1569024,-0.05821049,-0.07115161,-0.7853739,-0.7617447,-0.002270579,0.7189558,-0.5759089,0.9139862,-0.1229664,-0.7314997,0.1147639,-0.002999187,0.05104935,0.7808974,0.8039865,-0.7802448,0.750118,-0.9991634,-0.6771209,-0.915802,-0.8596973,0.1208073,0.1123196,-0.869144,-0.5366464,-0.7426779,-0.9000254,-0.8084016,-0.1344639,0.946707,0.2688088,0.7009549,-0.6301599,-0.7948272,0.07334864,-0.1571187,-0.1385401,0.9448047,-0.8371978,0.9073892,0.2390431,-0.7874663,0.2720492,0.910507,-0.3126961,-0.5060773,-0.8751557,0.2282866,0.7171547,-0.1801709,-0.03265679,-0.4585589,-0.422645,0.9426494,-0.9413629,0.4012451,0.4749915,0.2659034,0.9985516,0.9544046,-0.4526762,0.2188402,-0.1811389,-0.834821,-0.1589125,-0.4005941,-0.7251222,0.3884272,0.05648935,0.1137267,0.2758841,0.8451021,-0.281067,0.09134066,0.2233497,-0.7707667,-0.8763654,0.9780066,0.3222789,-0.08856881,-0.1723739,-0.9861228,0.2129186,-0.969924,0.6815376,0.1027917,0.208958,0.4444523,-0.9918284,0.9676082,0.2047893,0.5079091,-0.699934,-0.3509191,-0.6616538,0.01551616,-0.8480978,0.8126991,-0.7383492,0.880621,0.445672,-0.17215,-0.08244455,0.3415475,-0.5602241,-0.7993977,-0.5729604,0.9028933,0.2824573,-0.7783968,-0.8093636,0.9420769,-0.2155513,0.2421991,0.8079584,-0.2240998,-0.1124905,-0.9130621,0.5589678,0.2548186,-0.5557501,-0.7367079,0.05260956,-0.1061918,0.9766366,0.50297,-0.7192969,0.4217617,0.6903877,0.9632449,0.8082678,0.8248587,-0.1076788,0.1502749,-0.565558,0.4996175,0.7309854,-0.402788,0.08057034,-0.9608905,-0.4167374,0.9199104,0.1936873,-0.6899118,0.881001,0.3012051,-0.5518117,0.05959284,-0.6832252,-0.06265628,0.0438236,0.6594813,-0.4052528,-0.3716449,-0.738137,0.8941796,0.7536247,0.7071776,-0.4935092,-0.3114554,0.1032959,-0.7403893,0.6917424,-0.9759676,0.8755233,0.1229023,-0.3225359,0.6938627,0.1847645,0.00293839,0.4690063,-0.3727435,-0.8782103,0.07885087,-0.4706045,0.4936607,0.7604473,-0.8120089,0.9239957,-0.03604209,0.1014322,0.4275872,-0.8750062,0.7422249,-0.6602559,0.1326829,-0.784281,0.1058725,-0.9613872,-0.9667072,0.1679646,0.8731699,0.8948634,-0.5588109,-0.1429242,0.6841042,-0.002486348,-0.9762635,0.6969337,-0.521816,0.6060815,-0.7755203,-0.607671,-0.136052,0.4128091,0.6695385,0.6303916,0.4159112,-0.06527889,-0.3741344,0.6069665,0.7220798,-0.8041732,-0.1609508,0.5781984,-0.3352977,-0.2621602,0.7248631,-0.6556647,-0.7084858,0.529103,0.457627,-0.4505023,-0.8043442,0.8484633,-0.7561622,0.09502757,0.4330151,0.3001666,-0.1302487,-0.6848884,0.6376262,0.3183651,0.5724397,-0.2563547,0.1906537,0.01150382,-0.06757581,0.7833605,-0.5931182,-0.05856502,-0.1706423,-0.7066016,0.5587578,0.2879212,0.3591442,-0.6990721,-0.07713139,0.4717347,-0.9864595,-0.3249084,-0.411877,-0.009102941,-0.8109419,-0.3168529,0.9183774,0.6957095,-0.6570101,0.356842,0.3331103,-0.8037095,0.8450699,0.3251438,-0.5747266,0.2354118,0.6586535,0.646651,-0.8587892,0.9718981,0.09864724,0.6176138,-0.09363735,0.09915173,-0.1691505,-0.958544,-0.4172379,0.1344305,0.3813696,0.8878288,-0.1685492,-0.5129614,0.8132505,0.7869205,0.05533159,0.2623934,-0.007133603,-0.7749224,-0.928992,0.4088661,0.6366227,-0.4130408,0.2339956,0.3396532,-0.6176379,0.8932722,0.368227,-0.8978486,-0.9717259,-0.2164124,-0.3943435,0.2067603,0.8272707,-0.09065545,-0.4018222,0.6651242,0.4389107,-0.6010263,0.2654893,-0.4726566,-0.1915954,0.4481122,-0.205629,-0.3932244,0.4701159,-0.8687098,0.1708103,0.671201,4.398823E-05,0.5034466,-0.5382242,-0.02186763,-0.9132881,0.1436082,0.8788757,-0.0615257,0.209952,-0.6152525,0.1537343,0.2302893,-0.4424771,-0.3056535,0.516659,-0.8283155,-0.4821211,0.554734,-0.1961457,0.921474,0.9563878,0.5511892,-0.87081,-0.5641489,0.2600083,-0.6911478,-0.1000911,-0.0357734,-0.796665,0.2270888,-0.7010474,-0.06091273,0.7045355,0.210323,-0.2953013,0.6088204,0.4283387,0.8754163,-0.0900439,-0.2056123,0.9222035,-0.2137817,0.4203195,0.8799362,-0.7102749,0.4415879,-0.12718,0.759052,0.5251195,0.9741838,-0.396871,0.9174662,-0.6811109,0.4241154,-0.9671299,-0.5715408,-0.2077707,-0.1284553,0.5196829,-0.18773,-0.02432358,0.03355587,0.8254495,0.5187836,0.4876764,-0.3379058,-0.6710608,0.6833665,0.9660637,0.535243,0.1032683,0.5550022,0.6148958,0.4956271,0.6671638,-0.8617709,0.3148749,-0.1275502,-0.2191116,-0.04669249,-0.7493813,-0.09527981,-0.04755056,0.3237977,0.7724357,0.9291263,-0.3681604,0.9383445,0.8104401,0.6262259,0.09711659,-0.109152,-0.3402141,0.9336638,0.6693199,-0.1829098,-0.4378465,-0.158074,0.7012312,-0.7904403,-0.001189351,-0.7848425,-0.06868112,-0.4949859,0.7730148,0.402209,0.3221223,-0.9175951,0.4923143,0.01957142,0.43415,-0.4397351,-0.6856663,0.8724229,-0.1813711,-0.7286203,0.7327962,-0.6677647,0.7185717,-0.6713433,-0.1380051,-0.0902046,-0.635376,-0.2007152,0.172496,0.304588,0.07945001,-0.3213657,-0.7793784,-0.4732178,0.09311855,-0.9578609,0.8214903,-0.5337429,-0.4066833,0.1179122,0.5967104,-0.1081532,-0.2320303,-0.455454,-0.8652868,0.4247634,-0.1113733,-0.4954327,-0.01446617,-0.3813816,-0.4605256,-0.4434732,0.6376038,0.6618147,-0.8101196,0.2646777,0.9418485,0.7956502,-0.1033019,0.9621875,0.9678183,0.4575288,0.3448243,-0.6473861,-0.1517953,0.9169245,-0.9342091,-0.4155713,-0.1764525,0.7193158,0.03626454,0.728466,-0.2628249,0.3154525,-0.04038417,0.08733761,-0.08626115,0.3263144,0.8002193,0.5279708,-0.2766441,-0.9331639,0.437092,-0.9195378,0.02708471,0.751826,-0.8212104,0.2061599,-0.1468416,0.208249,-0.5954309,0.2470976,-0.8890126,0.0005580187,-0.5088022,-0.720238,0.7342234,0.5276349,-0.6164739,-0.5749729,0.5680866,-0.4770287,-0.1768576,0.2681434,-0.8063672,-0.4752289,0.3685536,-0.2010709,0.6987424,-0.2109987,-0.882179,-0.2152385,-0.6141567,0.9672256,0.8691518,0.7693956,0.2478348,-0.3238443,0.7561376,-0.7749186,-0.6212769,-0.0794028,-0.4663748,0.1878783,0.731709,0.7631953,-0.6923091,-0.1739033,0.6055777,0.08914077,-0.4896373,0.9455876,-0.9219131,0.9358981,0.4366135,-0.2148913,-0.2546486,0.8986669,0.5699983,-0.5346744,-0.7347097,0.8993483,0.6098273,-0.650995,0.3182532,-0.6015201,0.4700455,-0.09177339,0.1385494,-0.2842821,-0.9303846,-0.985954,0.3965277,-0.3533846,-0.1708928,-0.471788,0.66889,0.6588638,-0.1215955,-0.7979946,-0.1635708,-0.5461562,0.876296,-0.1131347,-0.8085365,0.4799354,0.3319609,-0.9388769,-0.7478127,0.6632516,0.2762973,0.1565875,-0.7265062,0.8710361,-0.7505455,-0.1138314,0.8564761,-0.8582032,0.3021323,0.4066977,-0.9181497,-0.1458076,0.1341943,0.8790913,-0.7209961,0.06634414,0.7467332,-0.7521708,-0.760103,0.5016487,-0.8567767,-0.2427331,0.8314261,0.7896628,-0.7974958,-0.1105036,0.7919221,0.05725205,-0.04949319,-0.3437907,-0.226137,-0.06884968,-0.7404003,-0.6793787,-0.5808668,0.4911749,-0.9487646,0.7283795,0.1160797,-0.4305111,-0.553113,-0.4496914,0.2694852,0.5853102,0.8260782,-0.6860623,0.8589389,0.2815091,0.8741064,0.9095793,-0.2088047,0.7914226,-0.2202679,-0.8385036,0.6058753,0.435688,-0.7881172,0.4808511,0.3523259,0.3718133,-0.9331441,-0.4699124,0.06023848,0.3795604,0.2077032,0.06717408,0.4769869,-0.6886764,0.08984149,-0.4693066,0.3211059,-0.6664991,0.6546271,0.4861598,0.9276683,-0.993794,0.24323,0.550782,0.01290834,-0.1650559,0.3764033,0.7138376,0.3095245,-0.8244371,-0.1687523,-0.7811632,-0.6232104,-0.5664201,0.967972,0.01695383,-0.8984554,-0.4907848,0.9468527,0.8491087,0.6002848,0.7226255,-0.5035863,-0.4909481,-0.9407983,0.3442766,0.6801965,0.7497804,-0.4563171,0.4737799,0.9968593,0.4689161,0.5735753,0.6158156,-0.1500987,-0.672931,-0.4661313,-0.4882087,0.4356651,-0.3056968,-0.9920003,0.2263087,0.2369956,0.6116126,-0.02058566,0.998817,0.6521704,-0.5848851,0.7060599,-0.7311425,0.1688629,-0.3339826,-0.1675357,0.8502035,-0.1214269,-0.7018878,-0.7185824,0.1487619,0.1026798,0.1886426,0.8274584,-0.6866267,0.3772943,0.8457339,-0.4129964,0.1259874,0.2256547,0.1434246,-0.989594,0.1420394,0.2381257,0.5978582,-0.7441671,-0.8617213,-0.1823694,-0.6638062,-0.2239074,-0.7292902,-0.5325868,0.5361488,-0.2872652,0.619283,-0.6507559,0.9450006,0.6972744,0.4968321,0.6935909,0.6440015,0.9190826,0.6077967,0.4875874,0.05091941,-0.8983934,-0.03617394,-0.2752422,-0.08594,0.9488652,0.1853505,0.7799785,0.3496976,0.6603019,-0.5319071,-0.09497607,-0.1443058,0.7176516,-0.5567658,-0.6951377,0.9202545,0.4781201,0.4477307,-0.009878755,-0.9706454,0.6072333,-0.6883101,-0.2225465,0.02551258,0.9085057,0.9159749,-0.0215565,0.9693584,0.1768721,-0.4851736,0.3777539,0.2994663,0.7308655,-0.6349914,-0.5054219,0.08962667,0.332386,0.742671,0.8948073,0.5836432,0.7279935,0.3690033,0.588172,0.5945899,-0.3698636,-0.3665124,-0.286054,0.1520785,0.09059584,-0.8077619,0.9940331,0.7982562,-0.3368474,0.01309621,-0.7555666,0.8270485,0.4770574,0.9491141,-0.104185,-0.1744016,0.9073718,0.5538595,-0.3923205,-0.6565878,0.6503718,0.2559716,0.6059551,-0.08198321,0.03681719,0.8492391,0.02343357,0.6459317,0.2291237,-0.9823306,-0.5303955,-0.1779414,0.03957117,-0.1586159,0.97194,-0.3168172,0.6484575,-0.7380114,-0.1920418,-0.9246116,0.6594751,-0.7007437,-0.4579576,0.9408553,-0.9698329,-0.5973763,-0.308544,0.02339852,0.1780204,0.9631433,0.519908,-0.4455482,-0.5449593,-0.3054141,0.003692508,0.3454532,0.1241375,0.4109416,-0.1447157,-0.662575,-0.7756565,-0.5574508,0.1862508,-0.3539559,0.0621866,0.2180239,0.6062756,-0.6698978,0.7523613,-0.5790691,0.8675077,-0.9906669,0.938266,-0.8323946,-0.1715733,0.1651808,-0.1342667,0.3434324,0.5538054,0.4244654,0.1216985,-0.9623723,-0.06695664,0.1185764,-0.1477166,0.5830939,0.5577981,-0.7833285,-0.8238888,-0.8796103,-0.2997655,0.9603753,-0.1828545,0.9515932,-0.04390466,-0.4946676,-0.9585423,-0.6447694,-0.6342034,-0.8463094,0.3623159,-0.06806982,0.1283535,-0.2918929,-0.1662415,-0.5768454,0.5899651,-0.1999229,-0.5572722,-0.5898228,-0.03751338,-0.4761459,-0.510694,-0.9568353,-0.957073,-0.7634366,0.8396053,0.5682478,0.556299,0.9289927,0.2568605,0.983484,-0.1807321,0.4877898,0.4790213,-0.1478149,0.09587443,0.9359486,0.5719368,0.452604,0.5931909,0.7637367,0.5350726,-0.07717645,0.8679683,0.5386024,-0.307041,0.08997142,-0.9828191,-0.1267022,0.7385571,0.6231775,-0.9411738,-0.5893936,-0.4151028,-0.008129478,0.02110922,0.0267874,-0.01318562,0.1062363,0.1758116,-0.6087139,0.5876374,0.5691504,0.5240312,0.335504,-0.7888713,0.02021539,0.001953721,-0.4393405,0.5387676,-0.8980086,-0.547893,-0.9237902,0.311831,0.4128868,-0.9543769,0.1471437,-0.29418,0.8523345,-0.2288851,-0.3783692,0.4851792,0.02547491,-0.7179744,0.5524037,-0.138882,0.6248951,-0.09087431,-0.03189766,-0.5256612,0.5951588,-0.7958744,-0.04709303,-0.1729509,-0.7559936,-0.669127,0.8576038,-0.9032454,0.7451339,0.4348156,0.27409,-0.9079309,0.8610108,0.8992705,-0.2330838,-0.4457616,-0.02867854,-0.6402891,-0.08242452,0.2280775,0.59132,0.7341177,0.7631774,-0.4398597,0.04350531,0.4823053,-0.4224738,-0.06393135,-0.9313588,0.456284,0.4351415,-0.1070586,0.05529249,0.6231873,-0.1651808,0.6612022,-0.4988478,0.3654246,0.4097197,0.4457035,-0.5837457,-0.5394757,0.8521957,-0.01841748,0.4405207,-0.6041653,-0.9296336,0.8594553,-0.8046386,-0.3571326,0.6825976,-0.6277375,0.6905153,-0.3281637,-0.4427973,0.2627001,0.5652566,-0.5637608,-0.8190479,0.1186193,-0.4614738,0.4145677,-0.1728195,0.8160357,-0.6801326,-0.8470082,-0.7553296,-0.1197079,-0.5496252,0.4403538,-0.7712033,-0.3629762,0.3991105,-0.6948898,0.3406448,-0.2745205,-0.3157352,-0.06845105,0.6893516,0.7998793,0.5846457,0.7786045,0.5922694,-0.2505571,0.8131969,-0.2234782,0.3119306,-0.7428191,0.2821054,-0.392867,-0.1086878,-0.07052028,0.3872294,-0.7066007,0.003014207,-0.9554269,0.4050035,0.3274934,-0.5297489,0.08283031,0.300646,0.8519266,-0.4057351,0.2547643,-0.6555581,0.09259427,-0.4226187,0.654706,-0.9829321,-0.533833,-0.585428,0.9712794,-0.6060765,-0.4113415,0.8541601,0.3306424,-0.8532777,0.3308966,0.9036565,0.5235021,0.5677035,-0.1480793,0.6017771,0.1956691,0.9458077,0.5144501,-0.5778704,0.684716,-0.06946266,-0.1624624,0.4191587,0.5539825,-0.6205502,-0.3662964,-0.7115388,-0.4087397,0.9313753,0.8219075,-0.3682574,-0.9831581,0.5238407,-0.3563493,-0.8773637,-0.706573,-0.775964,0.1617047,0.5699615,-0.8432119,0.4638335,0.7739587,0.9084926,-0.07197845,0.006842017,0.5861282,0.1486944,-0.448949,-0.7162836,-0.4743327,-0.6735988,0.6869662,-0.003825307,0.7133522,0.1213313,-0.2267998,-0.8810027,-0.72472,0.9550788,-0.8292098,0.7914007,0.8719087,-0.0296663,0.6525857,0.3417904,0.9112983,0.04940951,0.7376893,-0.9471252,0.5692649,0.5058904,-0.8055305,-0.8609083,-0.01172912,0.3317103,-0.6271243,0.09567463,0.786113,0.3924014,0.06517255,0.9662938,-0.3984998,-0.2186855,-0.8750484,-0.3846864,-0.561517,0.1684648,0.3827889,0.9736667,0.3763711,-0.1981844,-0.7674255,0.3619623,-0.6332059,-0.2095352,0.2182604,0.01979959,-0.07017958,-0.4789175,0.2909977,0.4464457,0.7088003,0.339009,-0.1383504,-0.2664853,0.515353,0.8517079,0.5554566,0.3351471,0.1700059,0.7275176,-0.8697848,-0.9278347,0.4240641,-0.1781608,-0.05475485,0.1061269,0.699307,0.9719644,-0.1379083,0.9484296,0.9845891,-0.107026,-0.03465211,-0.8576603,0.05309403,0.199036,0.1024412,-0.310429,-0.1004378,-0.5142343,-0.8036885,0.4992351,0.2693169,0.6602113,0.190888,0.1741258,0.6297872,0.4661796,0.7274961,-0.08185446,-0.6959369,-0.3863012,-0.304098,-0.9247005,0.05850852,0.2393371,0.7877436,0.5001504,-0.7919824,0.6360252,0.4445405,-0.2077137,-0.6920736,0.9499671,-0.318014,0.08761394,-0.4753293,-0.1052109,-0.7008543,-0.3340021,0.7925129,0.7844267,-0.2646171,0.8344584,0.3715625,-0.78142,-0.4954008,-0.1966044,-0.9979272,0.570653,0.8418794,-0.08897603,0.4431994,0.3765227,-0.8159757,-0.0630585,-0.2715138,0.9628785,-0.2418295,-0.1059963,0.6071513,-0.05224788,0.7157729,0.6279962,-0.4021894,0.4323034,0.8302538,-0.8931165,-0.4915837,-0.3601726,-0.9820409,0.9015963,0.8662162,0.7473643,0.9638336,-0.07116473,0.9111874,0.6224692,-0.9219518,0.4601047,0.7175453,0.1740395,-0.1977366,0.1748089,-0.08100092,0.3613026,0.2801461,-0.6008537,0.3512575,0.4446275,-0.9472489,0.6145859,0.08837879,0.5319297,-0.3864824,-0.270367,-0.3262872,-0.7621977,0.1210722,-0.9798036,0.7887926,-0.3327528,-0.1946837,-0.8260574,0.9203165,0.971714,0.9094107,-0.2483937,0.594784,-0.3327416,-0.03592932,-0.1896194,-0.7236655,-0.8442168,0.8406494,0.6315768,-0.6554885,-0.5630271,0.9252107,-0.6101024,0.4965877,0.593123,0.1678206,0.3792357,0.595947,0.0915302,-0.6913679,-0.292962,0.1795167,-0.1140939,-0.9078813,-0.08666289,-0.4347278,0.004100204,0.6207051,-0.5665143,0.9468961,0.6154327,-0.1108006,-0.4700447,0.7553966,0.7755032,0.9145057,0.004822135,0.2715409,0.9457397,0.02024519,-0.5125821,-0.9229233,-0.01006949,0.007948995,-0.3754803,-0.2431356,-0.5085258,-0.5733466,0.5905418,-0.6376812,0.4278133,-0.1327547,0.5006981,0.1551989,-0.1795534,0.1677097,0.6622934,-0.02186763,-0.1386546,-0.2404529,0.1960531,0.9647365,0.6794238,-0.1576632,0.9343281,0.4931309,0.3226793,0.5609465,-0.2728072,0.3530833,-0.7969458,-0.5457449,-0.5878026,0.6900959,-0.5844622,0.3552358,0.04319656,-0.3360287,-0.6122458,0.5426946,0.3577907,0.8492854,0.6742342,0.1435734,0.9214318,0.8673818,0.7234325,0.7309809,0.2798724,0.9132152,-0.04667127,-0.6888797,0.8040459,0.9070594,0.1502341,0.7745719,-0.1364008,-0.7293751,-0.7885046,0.8485141,0.4798958,0.7537162,0.4508645,0.7966466,0.02753127,0.1855744,0.2907033,-0.8530824,0.4295346,0.318129,0.2394351,0.8246002,0.3428282,0.2465986,0.9759614,-0.935734,0.7656837,-0.407251,0.3671291,0.5931923,0.2058665,-0.1739515,-0.7056623,-0.7953374,0.8025327,-0.7028925,-0.2415231,0.06749809,0.06415784,0.6000907,-0.2409054,0.4393375,0.7859643,-0.4233092,-0.1645585,0.305598,0.05046237,-0.7079198,-0.2860821,0.01327956,-0.7053182,0.7811844,0.6997571,0.8128779,0.08068001,0.5576406,-0.1504375,0.4769699,-0.213183,-0.4843374,0.208325,0.731508,0.1929728,0.1414531,0.1983167,-0.5044134,0.8472154,-0.2332698,0.4160623,0.9324994,0.6878605,-0.219117,0.5394151,0.7051609,-0.2456869,0.05833018,-0.6517596,-0.7222109,-0.9726245,-0.6160185,0.8050711,-0.1634115,0.1324707,0.9425251,0.5274513,-0.9938867,-0.7932963,0.527066,-0.05418146,-0.4444429,-0.09569824,-0.3844191,-0.4021386,0.2095047,0.4390518,-0.2810439,-0.5606582,0.9353352,-0.4807028,-0.2247709,0.6175349,-0.6966496,-0.4628917,-0.3692361,-0.1242388,0.7179668,0.479335,0.6617303,-0.8938963,0.9384179,-0.188198,-0.4093491,-0.727505,-0.3023823,-0.8774981,0.8208375,-0.5934889,-0.1866945,0.007737756,-0.5226555,0.1108207,-0.378647,0.06495011,0.7550526,0.6767995,-0.1259061,-0.4621061,-0.06429183,-0.7001281,0.3253827,0.3379924,-0.783222,0.5103753,-0.5519531,-0.0848459,-0.9727964,0.879503,-0.9306738,0.8879023,0.2365233,-0.06408608,0.5757914,-0.7739868,-0.1627332,-0.1331302,0.1265889,0.8717084,0.3669555,-0.6928163,-0.9926031,0.4227652,-0.2533437,-0.09372437,-0.3805095,0.9332952,-0.8336399,0.1777078,-0.989481,0.7793026,-0.5734696,-0.6535728,0.2615654,0.454601,0.009679914,-0.03743899,-0.4391459,-0.8273704,-0.9454887,-0.8235624,-0.1335272,-0.5791545,0.1572262,-0.8109543,0.3146047,0.2840185,-0.01708806,-0.8322933,-0.1945757,-0.4870383,0.1627258,0.4011655,0.9058352,-0.09743249,-0.4926983,0.08520305,0.455405,-0.7177355,-0.3282613,-0.4311651,0.7102525,0.3611326,0.4622955,-0.3485111,0.9175756,-0.308046,-0.04182565,-0.3572565,-0.2834433,-0.4267093,-0.5770874,-0.4727641,0.9867337,0.6244659,-0.4300677,0.8648367,0.3996126,-0.5102282,-0.4700364,0.3020377,0.1961697,0.5466008,0.1108695,-0.1235975,-0.2738744,-0.06713688,0.6374674,0.001668334,-0.6537139,-0.1531364,0.1860288,0.1217417,-0.9243703,-0.8618581,0.1238626,-0.6126297,0.6463778,0.3225834,-0.1790196,-0.9699824,-0.4423851,-0.8856344,0.7771609,0.6327415,0.393213,0.05226123,0.6779857,0.1984073,-0.6135697,-0.9367912,-0.470853,-0.7337384,0.06755602,0.7642956,-0.7238693,-0.7480657,-0.05100238,-0.3396479,0.1809987,0.904767,0.5326786,-0.6589236,-0.2737995,0.9585991,-0.3649026,0.6698027,0.5678222,-0.3312131,0.8217678,0.3450288,-0.1324016,0.002748609,-0.6913416,0.3617339,0.2562403,0.8544669,0.5869243,-0.5400062,0.3984675,0.2279061,-0.3948537,0.7203863,0.6120076,0.7462254,-0.3795909,-0.2359391,-0.06356132,0.03083074,-0.06152666,0.3603372,-0.5576715,0.06488621,0.06937659,-0.5099027,0.3600785,-0.6860342,-0.3218929,-0.7605674,-0.001432776,0.8677471,0.8390214,-0.9757786,-0.3486897,-0.5740967,0.9801295,0.267215,0.4139919,-0.7383935,0.3628518,-0.8457458,0.9249561,0.3072085,0.4475667,-0.6109524,-0.7658453,0.5739706,-0.8189852,-0.4437391,-0.9729204,0.325298,0.7752423,0.4730489,-0.5254657,-0.5276761,0.7991636,0.2963447,0.6636395,-0.3367158,0.5139863,0.3844676,-0.01885951,0.05326974,-0.9624918,-0.6089935,-0.7156205,0.4059846,-0.4702307,-0.9253216,-0.1513418,-0.6168847,-0.4993933,-0.5666018,-0.9450717,0.2045802,-0.1962661,-0.9724996,-0.01809895,0.6809959,-0.5097759,-0.6863914,0.3267727,0.4656431,-0.6282144,0.9536886,0.1617635,0.289005,0.1446453,-0.7086158,0.7941535,0.2015802,-0.7420347,-0.6040478,-0.4886495,0.6899688,-0.4190322,-0.2717515,0.8574972,-0.008523822,-0.7960784,0.6425114,0.8178864,-0.4689153,0.9438863,0.6925604,0.4973254,0.8692224,0.9047544,-0.08450019,0.5983348,-0.6066282,-0.5564928,0.969842,0.5011077,0.1296679,0.809592,0.02730787,-0.4377533,-0.9949999,-0.7306898,-0.5712142,0.3618824,0.9379361,0.02863157,0.984077,-0.5094166,0.3916244,-0.7126601,0.03644478,0.8251417,-0.572197,0.4168532,-0.8378494,-0.8072257,0.4561534,0.6703808,0.4060621,0.5282507,0.996896,0.3807487,-0.190915,-0.1358031,-0.7870846,0.08192623,0.483947,0.232952,0.5633416,0.2844171,0.941241,-0.5039184,-0.7663028,0.6253653,-0.7121301,0.6770844,0.1823908,-0.6057506,0.03280175,0.8798428,-0.428743,-0.7120926,-0.5609925,-0.2426549,0.2871649,0.3510866,-0.9183395,-0.2498251,-0.7505941,-0.3028866,0.03202426,-0.2754804,0.1974086,0.9440875,0.9332616,-0.3593274,-0.1365222,-0.454321,-0.4140471,-0.01392829,-0.6535246,0.1818355,0.5555,0.6962671,-0.001122832,-0.04656589,-0.336778,-0.1877259,0.2975909,-0.2175249,0.3757429,-0.549166,-0.1949381,0.9471259,-0.5943332,-0.09727395,-0.7615836,-0.7587316,0.05716026,0.007183433,0.3520975,0.1074504,0.3953199,-0.08080399,-0.5646229,0.8261271,-0.9150608,0.03774011,0.3142852,0.7002199,0.515476,0.5187728,-0.5787423,0.06127965,0.7029872,-0.2856888,-0.04711282,0.08961093,0.08032429,0.5893838,-0.4881526,-0.7864068,0.5655961,0.9544137,0.009839416,0.9812343,-0.4957463,-0.3054897,0.4413008,0.5490608,-0.7345829,0.702884,-0.003145814,0.5467191,0.3460881,-0.05876076,0.5401618,-0.4857718,0.6458414,-0.4347013,-0.0816704,0.5963035,0.7518268,-0.5290596,-0.1763793,0.7512949,0.6089153,-0.07395828,-0.8533838,-0.2721452,0.1789726,-0.4440175,0.6907558,0.9657605,0.7109475,-0.3719307,-0.8219564,0.7822182,-0.6061659,0.1081513,0.9877245,0.4817762,-0.7435668,0.5161483,-0.665024,0.96931,-0.03801668,0.5584128,-0.7001982,-0.9070158,-0.6747932,-0.2399596,-0.6982207,0.3361342,-0.1824328,0.3901903,0.5301454,0.678911,0.9324424,0.0832907,-0.8419709,-0.3712374,0.2985098,-0.8098176,0.687,0.6360981,-0.5644388,0.8840849,-0.3776757,-0.1315891,-0.6323838,0.3840294,-0.007505774,-0.5410993,-0.03510559,-0.5549393,-0.1756192,0.005874991,0.6975391,0.3057584,0.8256941,-0.8447125,-0.8623726,-0.5583098,0.4836714,0.873045,0.7251844,0.4804599,0.1389643,0.04811966,0.2196888,0.1451746,0.3915012,-0.5735192,0.2028934,-0.2674078,-0.8983278,0.8318269,-0.1749707,-0.7610974,0.07314813,-0.1069449,0.641896,0.6080124,-0.549098,0.3740864,0.4322045,-0.5458972,-0.3019222,-0.6296954,0.007595658,0.01305783,0.6211808,-0.1563438,-0.246492,0.5253673,0.6617346,-0.8853433,0.4901139,0.2911684,0.4924144,-0.902379,-0.4852287,-0.7493281,0.5684462,-0.8628914,-0.6477289,-0.9720306,-0.4362093,-0.4784595,-0.8540804,0.4573221,-0.1963025,0.5531249,-0.8292353,-0.9486489,-0.2686459,0.6299994,-0.9431667,0.9063647,-0.5540888,0.5935524,-0.233085,0.8667076,-0.5260913,0.8000069,0.6979566,0.4668431,-0.7156363,-0.8274829,-0.1478001,0.6824746,0.6904614,-0.8852098,-0.2238241,-0.8159866,0.7285469,0.2254604,-0.5011315,0.164342,0.746115,0.5871141,-0.2397407,-0.04071629,0.3439674,0.3567867,0.2768871,-0.2271875,0.449255,0.8881345,0.9893622,-0.7713141,0.7816248,0.6421406,0.7436683,0.5385211,0.8397195,-0.8090889,-0.1314965,-0.9972742,-0.5603206,-0.1919371,0.9899061,-0.5570004,0.9581075,0.8209639,0.7435358,-0.7849681,-0.06319153,-0.7176929,-0.2900411,0.5640936,0.2680683,-0.4118248,-0.9886794,0.3169987,-0.377766,-0.7856045,-0.1937453,-0.6179006,0.6005654,-0.5655818,0.3245914,-0.2176298,0.1518377,-0.9057264,-0.6967204,-0.3746217,0.9132526,0.4220845,-0.151364,0.3563902,0.8377452,-0.7318971,0.2531876,0.8218546,-0.2201837,-0.09696329,0.6686783,0.4060688,0.3501286,0.298305,-0.09999549,0.007663369,-0.5620995,0.8682687,-0.865438,-0.3644983,-0.4763995,-0.4161531,0.0854212,-0.7909093,0.2747292,-0.3515743,0.6982732,-0.7475729,-0.5695903,0.1301614,-0.1560231,-0.6523654,0.8015916,-0.4078914,0.2647907,0.6651869,-0.3524832,0.7713163,-0.737644,0.1315283,-0.9626997,0.6619353,0.8492196,0.2828872,0.1076368,0.9226787,0.007886767,0.4384997,-0.1544718,0.09034836,-0.2393557,-0.258746,0.2526383,-0.8617458,-0.9524772,0.492172,0.9065497,-0.7524221,0.9130652,0.7395177,-0.963999,0.5912404,0.1160349,-0.2268144,-0.02426994,-0.5945656,0.8102036,0.2917964,-0.3192726,-0.06256425,-0.7114451,0.6819298,-0.6046815,-0.5640378,-0.026914,0.8963516,0.1375886,0.7723329,0.0687567,0.2685897,-0.3383595,-0.3037356,0.4930494,-0.469963,0.8802955,-0.1280905,-0.5539789,-0.998023,0.7297535,0.7629714,-0.2890788,-0.8359573,-0.1449851,-0.4594058,0.0380801,-0.6078715,0.2705342,0.5140388,-0.2332169,0.8567817,0.1127561,-0.4601253,0.2877881,0.9290135,-0.624434,0.3614392,-0.8175333,-0.08284009,-0.9714699,0.2453955,-0.7859161,0.5444143,-0.8423257,0.8627672,0.09231865,-0.9676681,-0.5300035,-0.8989286,0.5216808,-0.2629224,-0.5011947,-0.06965387,-0.9979196,-0.03271425,-0.09193909,-0.7162716,0.4004237,0.5178559,-0.1289536,0.5713015,-0.06710374,0.9568393,-0.912324,0.1708032,-0.9316616,0.8931146,-0.8409231,0.8656907,0.719202,-0.0506314,-0.4280044,-0.3992141,-0.6467369,-0.3852085,0.557529,-0.08913338,0.835361,-0.9964023,-0.5625463,0.4198482,0.04788721,0.7728927,-0.4289373,-0.7393463,0.3946624,0.6327279,0.2329866,0.8023887,-0.4461395,0.3501594,0.7344339,0.1143025,0.6177363,-0.3682028,0.6209702,0.1470836,-0.6927028,-0.6657798,-0.7485342,-0.9847562,0.9699552,-0.311428,-0.9462323,-0.4642655,0.5431194,-0.3596007,0.03776968,-0.4522957,0.9624121,-0.4483849,-0.6063058,0.9275186,-0.2245373,0.6795588,-0.8588119,0.0999428,-0.8662896,-0.1179298,-0.1503702,-0.1038038,-0.3901826,0.2725663,-0.826864,-0.5468228,0.6159668,-0.06198013,-0.3683544,0.1991082,-0.05399263,0.255676,-0.7049088,0.9368777,-0.9751139,0.3917145,-0.3316036,-0.6786263,-0.7835701,0.3251981,-0.4758357,0.001453757,-0.6972041,-0.7473974,0.8126419,0.5457473,-0.569062,0.7707539,-0.9495244,0.1079773,-0.5509741,0.353285,-0.5226476,0.6512866,0.4112675,0.7208397,0.129197,0.1805588,0.1516491,0.4855573,-0.1841513,-0.8570204,-0.124483,0.9630408,-0.4470905,-0.2754518,-0.2424017,-0.6559136,0.01796591,-0.4412926,0.4937455,-0.2311848,0.2061256,0.05840552,-0.03103387,0.5398166,-0.8954809,0.3425944,-0.9438925,0.4422774,-0.8761063,-0.8490806,0.07355106,-0.0009185076,-0.9705434,0.4186697,-0.03967535,-0.9739156,-0.153174,0.4254715,-0.6883106,0.7577231,0.8092573,0.4611516,0.5886631,0.9225147,0.9850252,0.2468044,0.02018201,-0.8722558,0.03446877,0.1138412,-0.0179652,-0.6464038,-0.9061701,0.04954851,0.4192514,-0.369027,-0.1239871,0.4351785,0.7889416,0.8179972,0.8613935,-0.05687535,0.8688464,-0.8130155,-0.8725395,-0.2954127,0.6926179,-0.7592902,0.8063748,-0.902426,0.8566444,-0.871016,-0.1205217,-0.5057263,-0.4681407,0.1623954,0.1907004,0.4593043,-0.6899846,0.8544192,0.3285274,0.881705,0.4816186,0.7586026,0.7313313,-0.1655663,-0.8306711,-0.152284,-0.7650614,-0.148132,-0.2078916,0.7512963,-0.3495406,0.2926404,-0.6390121,0.2527585,-0.06024611,0.1793159,-0.3242129,-0.7299809,-0.4133695,0.08107793,-0.2650398,-0.6946685,0.8695397,0.1760048,0.03208363,-0.5985279,0.9456892,-0.7213323,-0.4180905,0.6768751,0.801965,0.1743931,-0.3934802,0.3076539,-0.01331246,0.9547968,0.1047217,-0.01414955,0.5188072,0.4302544,0.3589871,-0.5166709,0.3611602,-0.892858,0.5551608,-0.9389648,0.7990642,-0.2658144,-0.379917,-0.07667267,0.01815355,0.7762499,0.1616338,-0.717087,-0.9490876,0.5764363,-0.2264341,-0.07540715,0.9034815,-0.1754848,0.6817977,0.4758177,-0.5106091,0.05168474,0.8598983,-0.1112109,-0.5420821,-0.2844599,0.7953341,0.3967085,-0.336615,0.1183413,-0.7856221,-0.8858318,0.1020349,-0.274109,-0.8917248,-0.8269935,0.1891743,-0.8971741,-0.7610641,0.5162175,-0.9391265,0.03543913,0.3216891,-0.1401297,-0.2027541,-0.6531858,0.2209364,0.2917905,-0.1295887,-0.04441679,-0.620867,0.3333757,0.7569902,0.5406613,0.3187349,-0.7362378,0.129378,-0.0409528,-0.5812247,0.10891,-0.7887146,0.6544104,-0.1803237,-0.1010886,0.8162036,-0.8051057,0.1418988,0.8222497,0.4891503,0.9649315,-0.9488761,0.2069534,0.002637267,0.6087372,0.9441433,0.08882153,-0.6528299,0.7560821,-0.3879052,-0.5905182,-0.6243672,-0.01178634,0.02650058,-0.3252069,0.7974343,0.4118564,-0.4555045,0.4506056,-0.521142,0.1434044,-0.5608242,-0.7198451,-0.3027602,0.646049,0.3852315,0.06770432,-0.7885706,0.829015,-0.02688134,0.5680206,0.1635605,-0.06611574,-0.03834569,0.6702058,0.6998057,0.9775662,-0.382161,-0.8354499,-0.8264029,0.1625425,0.8421977,-0.8879139,-0.8831522,-0.3636419,-0.9138482,0.4385023,0.4649837,0.30021,-0.1061653,0.5740943,0.796766,0.1896712,-0.3415073,-0.1838959,0.1556104,0.1490847,0.4653241,0.2493757,0.06683815,0.5629647,-0.9480214,-0.8525465,-0.2841083,-0.7123866,0.3172977,0.02141225,0.9374306,-0.2533802,0.5542281,0.7984669,-0.7168963,-0.2456101,0.254642,-0.6348538,0.8720443,-0.4384192,-0.8608375,-0.3099297,0.5689402,0.8936865,0.1773993,-0.3059667,-0.5279021,-0.01196563,-0.9941111,0.8469913,0.3272209,0.9932323,0.7109857,-0.7083025,0.7878227,-0.3609422,0.7472768,0.2539169,-0.2352492,-0.560957,0.1751038,-0.2224416,0.7170796,-0.8141723,0.2034527,-0.1509191,-0.3609821,0.2804203,0.9603543,-0.147823,0.3626191,0.7445199,0.8136187,0.4907288,-0.9215837,0.02047765,-0.160925,-0.2725374,0.9772758,-0.8673131,0.3807363,-0.4925503,0.2990727,-0.6219311,0.946408,-0.03220403,-0.1619331,-0.2446193,-0.08241022,0.1022121,-0.5220561,-0.1569465,-0.1644353,0.7557516,-0.1333603,0.1745199,-0.3107399,0.2439522,0.8651979,0.4726891,-0.8722613,0.0357219,0.4560325,0.5699883,0.1061591,-0.1928679,-0.8958585,-0.8277218,0.7911115,-0.2105662,0.639822,-0.8661861,-0.970717,0.1087099,-0.4873179,0.7349329,0.6414073,-0.9562328,0.7581801,0.002868295,-0.7470253,0.9800551,-0.9324963,-0.5911913,0.9053073,0.1271983,-0.3635005,0.1987151,0.637933,0.2679174,-0.4295484,0.9088833,0.3777647,0.7273781,-0.9912083,-0.4822646,0.3202703,0.6408966,0.8882818,0.3008868,-0.7663445,0.5801065,0.7438602,0.2078263,-0.9901938,0.9265661,-0.1043569,-0.9913492,-0.6730611,0.4133062,0.1199595,0.2064945,0.6282806,0.4426436,0.3998639,-0.1345631,-0.6640773,0.4681394,-0.7588475,0.9785976,-0.02792299,-0.6587236,-0.5218277,0.06870139,0.2469639,0.6001267,-0.8334866,-0.07870066,-0.9439988,0.6255095,-0.3401903,0.8639145,0.06804788,0.509856,-0.7668893,-0.9068217,-0.0619539,0.3130135,0.6233823,0.1048092,0.1534663,0.6425753,0.6608131,0.2664425,0.2604255,-0.3085998,-0.2616891,-0.4251806,0.08624876,0.9891281,-0.51806,0.3175683,0.8188441,-0.6348526,0.9064822,0.7774601,-0.2285057,-0.2132651,0.7465084,-0.2222713,-0.252087,-0.9370766,0.4885893,-0.7668383,0.04826987,0.8391428,0.4976227,-0.1914569,-0.3818153,-0.3829855,0.7388871,-0.5719161,0.007238507,-0.4055175,-0.240641,-0.2568339,0.3172199,-0.8968647,0.6693568,-0.9653513,-0.3367802,0.8447056,0.1548074,-0.6551011,-0.604161,0.2808251,-0.891916,0.0842036,0.9125807,0.6302359,0.3699097,-0.01998317,-0.05708134,-0.4128469,0.4027722,-0.6816998,-0.8226485,0.08790338,0.9565988,-0.6983056,0.1575052,-0.7051957,-0.3582956,-0.04597723,0.858376,0.6760478,0.7349706,0.3664305,0.3528795,-0.8752787,-0.05055797,0.4785623,-0.8705366,0.6726789,-0.1453184,-0.3622512,-0.1750635,0.2195047,-0.8457732,0.917186,0.7672992,-0.7134559,0.8386223,0.1418787,-0.9866996,-0.7289472,-0.3413323,0.6886408,-0.417154,0.2447997,-0.2584664,-0.09188998,0.3335662,-0.8903966,-0.1067358,-0.8093829,-0.1509818,0.3000366,-0.8972704,0.7988992,0.5611627,0.7255676,-0.3665818,0.09488261,0.8106341,0.1576751,0.6332023,-0.5126333,0.6760151,0.7968085,-0.7316577,-0.4041697,0.4409566,0.7899504,-0.8296502,-0.3553327,0.9121537,0.6359093,-0.9931922,0.6620269,-0.6869817,0.6664062,-0.8454375,-0.8427775,-0.2157251,0.7965369,0.09241927,-0.2507273,-0.4904476,-0.2593523,-0.2263032,0.9352169,-0.2412237,0.8640673,0.06541693,0.4986078,0.7571855,0.519088,0.537873,-0.3815078,-0.1722623,0.3369605,-0.1645809,-0.4463488,-0.6676445,0.1190051,-0.2665504,-0.008089423,-0.185588,-0.03057468,-0.515635,-0.182789,0.4219005,0.742023,0.2944448,0.1426643,-0.8017051,0.5885401,-0.343346,-0.2948159,0.3119955,-0.1884977,0.4389569,0.7807961,-0.7476497,-0.9813521,-0.2167259,-0.1789838,-0.4677194,0.1579551,0.4576726,-0.5151956,-0.6454432,-0.8397279,-0.5528939,-0.5477598,0.07361305,0.6539335,-0.5045531,-0.3397418,0.9933217,-0.4274813,0.001750112,-0.04337275,-0.9472106,0.6389031,0.3543253,-0.8672986,-0.9499686,0.1317145,-0.4941038,0.3053193,-0.7185154,-0.714668,-0.5816274,-0.467754,0.076033,-0.7325637,-0.881794,0.5026128,0.2819924,0.1726562,-0.4992746,-0.9150531,-0.2566835,-0.1429297,0.1905302,-0.8347833,0.08280051,-0.2568601,-0.2304333,0.923578,-0.9902172,0.2832896,0.2496194,0.1005098,0.7276058,-0.8720002,0.7557876,0.3828482,0.1765345,-0.1669201,0.8454332,-0.2203847,0.6358619,-0.3254699,-0.4759477,-0.03491318,0.5733089,0.2337893,-0.6310422,0.9327137,-0.3002809,0.5918145,0.2035843,0.03849351,0.371794,-0.1638669,0.2784741,-0.239343,0.9950316,-0.8799689,-0.4758056,-0.5742567,0.3415918,0.8705864,-0.1514977,0.9696264,0.3190853,0.1013206,0.1572818,0.8794835,-0.9357293,-0.5465639,0.3816573,0.2370194,-0.7064183,0.5183513,-0.1801761,0.411808,-0.04498804,0.09228051,0.9593418,0.09844172,-0.3384157,0.2139808,0.8183513,0.4730584,-0.9503822,-0.2702917,0.7440689,-0.6779804,0.106007,0.001222491,-0.2572697,0.4314971,0.004831433,-0.1092232,0.04397213,0.8800888,-0.8600578,-0.1217784,-0.2774523,0.05413401,-0.2697436,0.747962,-0.860594,-0.4827439,-0.5735295,-0.4331545,0.6473701,-0.339286,0.9695039,-0.3318394,-0.2082266,0.9141908,0.9182084,-0.08533776,0.4707541,0.6730144,0.2400664,-0.8178093,0.803633,0.4268593,0.1373976,-0.3570472,0.6732159,0.7310252,-0.9236424,0.1838001,-0.7945163,0.3230781,-0.5531154,-0.1477135,0.01828158,-0.9483025,-0.1168901,-0.7014866,-0.00625217,-0.5914183,0.7165956,0.4730673,-0.7788091,0.8372791,0.9275296,0.9490304,-0.9725246,-0.5890579,-0.1606759,0.2006227,-0.596282,-0.0470742,-0.4352361,0.7346544,-0.7366765,0.6562574,-0.6712575,0.1851169,-0.2490608,-0.6470995,-0.6853073,-0.05722702,-0.18655,-0.1514643,0.312767,0.3434412,-0.7151179,0.780724,0.4217901,-0.9365852,-0.3764564,-0.1199039,0.1073998,0.2307605,-0.4802831,-0.4489774,-0.5354302,0.1832954,-0.101411,0.9975235,-0.1464833,-0.4387201,0.3374407,-0.9079309,0.5673499,0.4516527,0.3891461,0.9628551,-0.07146823,-0.009225965,-0.8317327,0.8678036,-0.2306663,-0.5918415,-0.5728414,-0.9790726,0.1831018,-0.03211677,-0.4675895,0.1478363,-0.3322831,-0.3346404,0.6991527,0.7269099,0.6430833,-0.3714844,-0.003864408,-0.5686202,-0.5980453,-0.5443888,0.8234138,-0.4337674,0.4805255,0.6917434,0.9359004,0.2760622,-0.6435375,-0.1423098,0.1719846,0.4943692,0.8068912,-0.001355529,0.5689757,-0.9848943,-0.2914869,-0.6010957,-0.3423957,-0.6842282,0.7064118,-0.0520395,0.1429302,0.6795952,0.6922462,-0.148193,-0.2663304,0.02342641,0.1516079,-0.0198015,0.7229233,-0.8812821,0.1784359,0.6678605,-0.01011264,0.7736747,-0.5371327,-0.1341044,0.4572408,0.0498513,0.2294267,-0.4140233,-0.009160399,-0.4206845,0.05375898,0.7416542,-0.6215489,-0.3351465,-0.8687387,0.3495955,-0.04729378,0.3923461,-0.03908193,-0.129712,-0.9433215,0.9547441,-0.9949152,0.6358354,0.1244344,0.8355086,-0.4487902,-0.9118001,0.6166277,0.1700307,-0.2024468,-0.8509634,0.1430041,0.7393603,0.1767083,-0.9903264,0.6015906,0.2079455,0.3935041,0.4791736,0.6163309,-0.6440179,0.8757098,0.853313,-0.8413041,-0.7908335,0.04352224,0.1507777,0.6606395,0.7779348,0.7034283,0.06185639,-0.1693138,0.870537,-0.1979135,0.8669593,-0.1787938,-0.375106,0.08201396,-0.3785995,-0.1294252,0.9230719,-0.1449729,-0.3002392,0.609601,-0.07425487,0.6392164,0.5976717,0.5116167,-0.9051516,-0.209304,0.4566543,-0.7649052,0.3343343,0.46142,0.3234865,0.230245,0.967464,0.9949641,-0.109676,-0.04956424,0.7411041,0.761085,-0.7150254,-0.08166111,0.1848396,-0.7840216,0.9327381,-0.228011,0.9776194,0.6638007,-0.2974538,0.9338024,0.8073893,-0.7052088,0.4148359,0.8668516,-0.6824341,0.1171962,0.08474457,0.9727821,-0.8965979,-0.9156897,0.195963,-0.8238442,0.6183014,-0.8516622,0.7683055,-0.04263341,0.01349151,-0.9034719,-0.1497225,-0.3149356,0.7405903,0.547823,0.8841298,-0.7582483,-0.5721982,0.3251266,0.8468027,0.6699827,0.4025438,0.8492823,0.9381189,0.2328428,0.6775281,0.4958167,0.4307043,0.0492171,0.5952461,0.8832588,-0.1863481,0.8069458,0.5635445,0.9632206,0.79687,-0.9853325,0.04678214,-0.3015405,0.2187978,-0.6573472,0.05313289,0.4701531,0.01666081,0.8310127,-0.9906695,-0.288463,-0.9906368,-0.6741621,0.6008754,-0.5380561,0.2040883,-0.2634422,0.741627,-0.1624376,0.4670891,-0.9301994,-0.181878,-0.2613295,-0.1479627,0.1353961,-0.206014,-0.460137,-0.8322473,-0.8878064,0.4156465,0.8161144,-0.6123381,-0.7437401,0.9441051,-0.09643662,0.2550966,0.0798825,0.7547741,-0.06360662,0.4522509,0.2432209,0.951653,-0.3177656,0.6859963,-0.596941,0.155522,-0.9300501,0.7056208,-0.0866102,0.2885964,0.00290978,0.4714548,0.4772117,-0.7168937,-0.3831147,0.3748445,-0.868937,-0.9085722,-0.1685857,-0.7745965,-0.1925315,0.3610184,-0.3278731,0.8522122,0.3038637,-0.4679042,0.4936554,0.4455602,0.7207568,-0.2945393,-0.4003977,0.8493528,0.2975661,-0.6326416,0.4150252,0.1668209,-0.5369973,-0.0420481,0.0682162,-0.9491053,-0.7135019,0.8028364,0.6825716,-0.8276885,0.2660429,0.5832577,0.1478814,-0.266585,-0.3163887,0.5686572,0.1948525,0.4937834,-0.9583263,0.03142822,0.3805301,0.5544095,-0.5030193,0.5761714,-0.9802918,-0.05375206,-0.5080059,-0.0801059,0.3625107,-0.977221,-0.002136111,-0.2879723,-0.4912084,0.662276,0.7174983,0.3779781,0.09838021,-0.2171108,0.5568097,0.5399108,0.6282296,-0.1389898,-0.6892822,-0.5966854,-0.6419694,0.8330033,-0.9249644,0.002396226,-0.9565113,-0.7972944,-0.509798,-0.5531328,-0.2620028,0.6565807,0.7492962,-0.02413809,-0.4142975,-0.4382414,0.6084449,0.9865725,-0.7696528,0.8313098,0.792486,-0.8786747,0.6566622,-0.1390697,0.3626415,-0.5364091,0.7485037,0.4498167,-0.07533491,0.5948365,-0.665004,0.8592064,0.7845953,-0.09045541,-0.12878,0.4031453,-0.6203258,0.6356885,0.3963318,0.9720135,-0.5594411,0.7647429,-0.3766421,-0.07604945,0.7642856,0.2764337,0.4784333,0.4078374,0.1909758,0.8265562,0.1236483,0.4839036,0.02837765,-0.1766714,-0.7715702,0.9181788,-0.104391,-0.569587,-0.5278127,0.1652199,0.2847523,-0.2281693,-0.6158381,-0.4926614,-0.1661836,-0.612776,-0.06952822,0.804626,-0.4437336,-0.3644804,-0.1610819,-0.5127146,0.3625405,-0.2406255,-0.8947995,-0.5698843,0.1335219,-0.02612507,0.4208107,0.2808459,0.7358861,0.3790188,0.9360397,-0.553962,-0.668097,0.2359041,0.6289163,0.7662096,-0.04804194,0.26654,0.819756,-0.6673369,0.1717783,0.7132492,0.1340204,-0.04923522,0.2480279,0.966388,-0.6673553,0.1995023,-0.9415808,-0.3647407,-0.8149769,0.6136906,-0.7789788,-0.4725651,-0.3221337,-0.4640175,-0.6416223,-0.6343987,0.6543937,0.7766771,0.9128926,-0.5822484,-0.86709,-0.2122532,0.8004057,-0.6486464,0.635426,0.1209432,0.5608346,-0.02607214,-0.4489769,-0.5374641,0.8362901,-0.9779534,-0.5915899,-0.7125869,0.5480797,0.1580945,0.3689007,0.883702,-0.03885901,-0.6737511,0.02099311,0.2077943,0.9028933,-0.2867922,0.3441651,-0.5799873,0.8910754,0.09588611,0.08933508,-0.1689259,0.4369259,0.5768812,-0.7822781,0.2339495,-0.7607727,-0.7510636,-0.5907855,-0.7188148,0.1920305,-0.4320027,0.6003153,-0.7505367,0.4759073,-0.1582116,0.4541642,0.913914,0.4914224,-0.8811967,0.3419099,0.7269197,0.9780672,-0.3418719,0.585722,0.1154271,0.1630043,-0.9279776,0.9963801,-0.2707511,0.002067208,-0.7437112,0.40436,-0.9911416,0.9378843,0.2587447,0.4199986,0.3274059,0.1856154,0.2560968,-0.1052612,-0.961663,-0.3958825,0.5550785,-0.06463397,0.8265822,-0.2363461,0.7449028,-0.8218932,0.6491439,-0.8335488,0.4441352,-0.3055445,0.6068723,-0.5412538,-0.9884005,0.2001857,0.3856244,0.8247797,-0.5242054,-0.08293927,0.5426123,-0.5348296,-0.6567197,-0.5926559,-0.4327708,-0.3762304,-0.8726535,-0.3784446,-0.2964293,-0.1221133,0.6434059,0.4669845,0.8523285,0.2144531,0.3109317,-0.9318693,0.5583513,-0.1349856,0.6675739,-0.5152454,0.07851565,-0.08382595,0.5705602,-0.797704,-0.1618353,-0.9624505,0.3493223,0.4433651,0.417361,0.3489284,0.4416091,0.04489553,0.1916014,-0.8708632,-0.2990721,0.09593689,0.3707111,-0.7226536,0.1776587,-0.8978703,0.02276218,0.7251368,-0.2650667,0.5640368,0.6161323,0.7366176,0.4681406,0.9319696,-0.5469189,0.04650056,0.8979683,0.09552991,-0.9959981,0.1306788,-0.03909028,0.1341532,-0.7990797,0.5061419,-0.8343604,-0.197404,0.3169539,-0.7971914,-0.3506199,-0.9008682,0.637759,-0.6257164,-0.3334693,-0.7844317,-0.9265819,-0.9229217,0.4558501,0.5904212,-0.008758903,-0.2003225,-0.8183646,-0.845808,-0.9144554,0.8333247,0.6390793,0.07171261,-0.7620912,0.9491668,-0.8369887,0.5940266,0.6055384,-0.737802,-0.9536443,0.2899253,0.6433959,0.2585189,-0.9809442,0.4231791,-0.3497463,-0.7649131,-0.9878154,-0.6519573,0.2825749,-0.5382328,-0.7984865,0.3706562,0.8502715,-0.1119488,-0.9943695,-0.2996379,0.527854,0.2533459,0.1416665,0.2834511,0.3450722,-0.003186345,0.05546439,0.8693063,0.1882848,-0.3048064,0.3215508,-0.7588196,-0.9747407,0.9266982,-0.2113322,-0.6094651,0.9573247,-0.9276609,0.851094,-0.572921,0.6048503,0.8780718,0.09223211,-0.6706696,0.8282828,0.2551055,-0.9242959,0.02817595,0.09389937,-0.8722794,0.024104,-0.9315045,0.5020325,0.2497407,0.3772678,-0.842752,-0.1840054,0.1999501,0.6749535,0.5618668,-0.1227063,-0.4971513,-0.08458078,0.277487,-0.5819578,0.4259841,0.7971885,0.7164922,-0.4269069,-0.3886384,0.4839155,0.5486467,-0.2092937,0.357953,0.520786,-0.3838772,-0.5788553,-0.1703266,0.4356627,0.4951234,-0.9042892,0.40115,0.7695086,-0.382223,-0.8955739,0.09742367,-0.8669167,-0.559294,-0.05078924,-0.18444,-0.8809302,0.9401121,-0.3720888,0.760895,0.9053328,-0.1619354,-0.2373949,-0.03778303,-0.6125875,0.5640206,-0.927036,-0.1093243,-0.2895428,0.5166538,0.7652674,0.1871449,0.35117,0.1923424,0.2745957,-0.3196028,0.1936728,-0.3169657,0.7301037,-0.3228022,-0.003845096,-0.05013382,-0.1344248,-0.8121686,0.11595,0.3363495,0.4497211,-0.5780838,0.1044396,-0.8095939,0.5489221,0.2774753,0.6373518,0.5154569,0.9670959,0.8173373,0.1537775,0.9821742,-0.9881208,-0.2797638,-0.6350763,0.9252186,0.8666089,0.3255665,0.4063117,0.8729801,-0.2532281,-0.9642229,-0.4831942,0.4756496,-0.7867086,0.4971089,-0.7778802,-0.1434108,0.4273963,0.1228677,0.3105771,0.9653022,0.1116937,0.8794594,-0.09339678,-0.7169504,0.8464074,-0.4809002,0.2890534,0.5845351,-0.3020352,0.852669,-0.576586,-0.96892,0.6894493,0.9526157,0.8207536,-0.4041704,0.9117188,-0.9325502,0.7472212,0.2550704,0.05278957,-0.4078883,0.1410106,0.571449,0.8992641,0.7917824,0.9024186,0.7542567,-0.2887756,-0.2925581,0.5105612,-0.1586791,-0.6986892,-0.1587247,0.2678606,0.6579282,0.6552567,-0.1163138,0.3885357,0.6801028,-0.1305825,0.5229509,0.4634068,-0.7108548,-0.07968628,-0.843745,0.6422997,0.6216335,-0.9844072,0.7861567,0.4543359,-0.9714706,0.2510731,0.5968788,-0.9091654,-0.431214,0.6179037,0.7855992,-0.4923123,0.3108494,-0.8580663,0.6019311,0.14091,-0.4809252,-0.3656973,-0.7796137,-0.7696309,0.4102893,0.6004839,-0.2840677,-0.3219854,-0.8028865,0.03775823,0.8319595,-0.4774283,0.1413528,0.9360356,0.8090796,-0.280625,-0.9778996,-0.2239078,-0.05352652,-0.5304542,0.2655518,-0.3630093,-0.1522197,-0.1879963,-0.7754219,0.2053212,0.7049217,-0.1231698,0.5594728,0.202392,-0.2492768,0.7132401,-0.8770688,-0.3429807,-0.3796266,0.5468879,-0.09519112,0.170339,0.9980197,-0.7651234,-0.5450561,-0.3097414,0.876147,0.8362472,-0.04523385,-0.8752222,0.5049486,-0.5775149,-0.3688253,-0.05447948,-0.7243915,0.9462304,-0.8951573,-0.8075671,-0.9857128,0.3309052,-0.9093604,-0.7720912,-0.07779348,-0.6105807,-0.6951647,-0.7460575,0.8222749,0.9505703,-0.2391542,0.1753682,-0.9561799,0.02250826,0.4596851,0.2126304,0.02650559,0.8159595,0.01698434,0.8667483,-0.9652972,0.1843358,0.4069285,-0.5509768,-0.4720453,0.1168913,0.5872052,0.9556198,0.9768906,0.6836057,-0.6768696,-0.1740834,-0.6806979,-0.3223804,0.4426541,-0.04845822,-0.3605837,-0.4357718,-0.3954586,0.3849365,-0.1244282,0.6225822,-0.1542569,-0.8255405,-0.4027458,-0.08943927,0.2495993,0.1849641,0.1932043,0.7899699,-0.3042387,0.7923789,-0.4077653,-0.6479216,-0.5428171,-0.6403458,-0.8194053,0.7960491,-0.6975822,0.373801,-0.1025017,-0.3076969,0.9889016,-0.7689154,-0.7437217,-0.1340257,0.6539512,-0.7518134,0.1216735,-0.1237575,-0.2759522,-0.6255403,-0.7372482,0.3611831,-0.7947292,-0.8709185,-0.899354,0.1113781,-0.08163321,0.2177011,0.210858,0.9535499,-0.930079,-0.6212237,-0.9541914,-0.6242917,-0.05361545,0.557883,0.1254808,0.3452737,0.815089,0.8680491,0.03856742,-0.06446016,0.8680847,0.06926739,0.5075579,0.3825926,-0.2595354,0.04223096,0.4292428,0.9309759,-0.5479438,-0.3777248,-0.155104,0.8531842,0.6156969,-0.5647907,0.9274352,-0.7744095,0.8020654,-0.1004137,0.4492001,0.6614015,0.09425557,0.1660975,-0.3882142,-0.2956966,0.9891427,-0.2638639,-0.9478168,-0.6554408,0.9945769,0.04133117,0.2518832,-0.9539318,0.02660882,-0.1925629,-0.003049493,-0.1187621,0.6679645,-0.1774544,-0.1347598,0.4386799,-0.2220682,-0.3001133,0.06806839,0.5646524,0.6264277,-0.8954101,-0.6697528,-0.9846478,-0.3560401,-0.09745538,-0.2143656,-0.4494191,0.09544981,-0.9813349,-0.04268587,-0.7964628,-0.1990172,0.1103274,0.87148,-0.7351253,-0.2278808,0.4231269,0.5165415,0.8490312,-0.8367608,0.6488581,0.05496538,-0.7073741,0.5043333,0.2668135,-0.08495986,0.7101052,0.3608586,-0.6636333,0.8600068,0.9049985,-0.4528502,0.4681046,0.6096029,0.447782,0.416656,-0.8471584,-0.523663,-0.3674546,-0.1066202,0.3742072,0.4546542,0.1002573,0.6727901,-0.8561502,-0.7370729,-0.08196104,-0.8721435,-0.1705528,0.666666,0.5136821,-0.5268645,0.9549129,-0.6698935,0.1325094,-0.472581,-0.5303042,-0.1483868,0.2293335,-0.8354583,0.3283245,-0.4216963,0.6427779,0.9036033,0.3149562,0.07788265,-0.5382905,0.1265498,0.3955097,0.4558584,0.576225,-0.9397793,-0.2436904,0.5332732,0.5985796,-0.8279397,0.1948529,-0.748735,0.965626,0.2032992,-0.653861,-0.4473306,-0.4373893,0.09496582,0.4633655,-0.6513934,-0.9151788,0.2022289,0.3516445,-0.9116576,0.8128843,0.8631656,0.07450807,-0.165563,-0.360062,-0.3653582,-0.01951706,-0.9067521,-0.828706,0.1868001,-0.1282221,-0.442885,0.2454537,0.9277959,0.7016945,-0.9237521,-0.3880447,0.6512103,-0.1006144,0.8914983,-0.5089507,0.1116234,-0.4738811,0.01268709,0.9860511,0.1950225,0.8721478,0.7157803,0.4040518,-0.658437,-0.346017,-0.8168619,-0.8724539,0.005706429,-0.4665927,0.344506,-0.2217118,0.1139401,-0.3040963,0.2530756,0.2414857,0.5462894,-0.2050432,0.6958797,-0.1627492,-0.8965273,0.5517907,0.8777013,-0.4049968,0.6110327,0.007752061,0.9493887,0.7267754,0.8420081,-0.6998441,0.5746839,-0.7758689,-0.9702563,-0.1571137,0.1031002,0.6452744,-0.271598,0.0008205175,-0.3432392,0.3942864,-0.0003305674,-0.8078916,0.1528171,-0.9919643,-0.3245372,-0.0282191,-0.787497,0.2714414,0.7632,0.7823308,0.4124572,-0.02576387,-0.7024732,0.318279,-0.2450017,-0.05528677,0.7857769,0.4035883,0.4850108,0.859802,-0.8712866,0.8839719,0.7703302,0.2726116,0.9080415,0.4861483,0.1248423,0.5850508,-0.8244402,-0.4847828,0.359159,-0.6447713,0.4548301,0.3690767,0.6326866,-0.1144599,0.5602181,-0.2665437,-0.2195333,0.3203449,0.3999054,0.2316824,-0.1202532,-0.4104246,-0.4474036,0.6452446,0.226518,0.5696285,0.2742181,0.3373511,-0.5938513,-0.4981772,-0.1178695,0.6758301,-0.4234754,0.9190934,-0.6143315,-0.2596351,-0.3955394,-0.2891487,0.2324737,-0.5994039,0.5002229,-0.4759203,0.5062923,-0.09891856,0.8663838,-0.4108518,0.4408421,-0.8286707,-0.5652392,0.4335913,-0.5316072,-0.9949336,0.3346219,0.5899732,-0.4405533,0.7977896,0.04658163,-0.722919,0.0293721,-0.6306207,0.5977247,0.9405205,0.9500329,0.4479019,0.9993248,0.01335776,0.2685849,0.7961822,0.2678375,-0.7859225,-0.543756,-0.0838033,0.4938061,0.7926011,-0.8389719,-0.6411548,-0.7364061,0.7829144,0.7494857,0.7921519,-0.5804913,0.8566821,0.6859238,-0.6209714,-0.7405703,-0.9032342,-0.9226675,0.4475424,0.2828583,0.3891689,-0.7870219,-0.2781588,0.2102653,0.6131437,-0.2189437,-0.5335891,-0.5994947,-0.5558228,-0.4557635,0.7140491,-0.3509883,-0.2940785,0.09894431,-0.1357046,-0.281777,0.007956386,-0.1806957,-0.5252879,-0.0400902,-0.5171261,-0.5389557,-0.8185725,0.6079624,-0.8832746,-0.8847179,0.2282261,-0.8418014,0.5431743,0.4516561,-0.5174255,0.9673154,0.8936541,-0.3700596,0.3542409,-0.7099319,0.09810603,0.7611563,0.5562181,-0.1895174,-0.8654799,-0.3868555,0.5945406,-0.8193274,0.6269388,-0.9697938,0.05336535,0.246673,0.86339,0.007161736,0.111955,-0.146891,0.2578797,0.4554157,-0.9498796,0.1942645,-0.8686843,0.7353876,0.6400352,-0.1475626,0.461554,0.0514344,0.9733601,0.1591941,-0.1264244,0.2923035,-0.7986259,0.6387088,-0.3174263,-0.09937298,0.1533271,0.1878988,0.4877417,0.04424298,0.3235979,-0.1791419,-0.7338033,0.5420532,0.5379245,0.7902627,-0.4115964,0.118966,-0.1854984,0.06273091,-0.8680649,-0.58815,0.7895031,0.6887031,0.5773275,-0.9935689,0.8601956,-0.8388162,-0.01223457,-0.1262981,0.7259519,0.02391112,-0.8002038,-0.4368683,-0.4010731,0.1043719,-0.08585179,0.9318841,-0.5322855,0.3332359,0.01224124,-0.02488339,-0.6602285,-0.3627788,0.2802293,-0.01465118,0.4807558,-0.3181523,-0.3704492,-0.4102997,-0.5139441,0.3936486,0.5766623,0.2452489,0.9253864,-0.5307009,-0.4130985,0.4635856,-0.515543,-0.3411704,0.4713053,-0.7491207,-0.2914075,-0.1236821,0.1698788,0.7962618,-0.837805,0.00437057,0.4211638,-0.1275877,0.431333,0.0841707,-0.4974483,0.9864662,-0.1239592,-0.07299912,-0.0481385,-0.9263811,-0.6879923,0.3245151,-0.9105759,-0.7453544,-0.9776821,-0.6778524,-0.9393241,-0.3796226,-0.3204523,0.6100962,-0.0612992,-0.8807251,0.9022801,-0.2019025,0.7695336,0.6166177,-0.4699115,0.4492418,-0.2085501,0.2308377,0.4094548,0.2534899,0.5540054,0.6423218,-0.6430409,-0.8280559,0.6436584,0.4760933,0.8237898,0.5567253,-0.4230665,-0.4699501,-0.4662768,0.3745169,-0.6781201,0.5330091,-0.5083888,-0.497166,0.22782,0.9389997,-0.7231731,0.3462481,0.6644857,-0.403998,0.327765,-0.2155281,-0.3194388,0.9928389,0.6200659,-0.2768768,-0.4446157,-0.3680419,0.1576475,-0.1254514,-0.5646758,-0.8586512,-0.2216412,-0.8977618,-0.7661889,-0.681869,0.7216299,-0.9923751,-0.08336842,0.3525719,0.1061529,0.5729914,-0.5102241,-0.3850383,0.3625025,0.3302233,0.972687,0.3848142,-0.3790127,0.9027865,-0.1345347,-0.1271261,0.838733,0.1597067,0.4802379,0.6009705,-0.5055375,0.7907469,-0.1461405,-0.1017128,0.9275081,-0.3482395,-0.6791983,0.04566133,-0.0157727,-0.3397418,-0.005575776,0.6964867,0.1652411,-0.207225,-0.6064312,-0.1683043,0.8763976,-0.2508291,0.3910322,0.7473636,-0.9420061,-0.4970924,-0.8353336,0.5684173,-0.2326347,-0.8602014,-0.0918721,0.9772851,0.005411506,-0.5772662,0.8659356,0.8263571,0.2403165,-0.9987197,0.174296,0.9980659,-0.9985394,0.03813732,0.7418036,-0.1396693,0.6377108,-0.08940375,-0.04309809,-0.1842636,-0.9524558,0.4907825,0.1959234,-0.5919116,0.5075758,0.6688137,-0.08053458,0.5448143,-0.2832819,-0.4739405,-0.5683358,-0.02337134,0.6126382,0.9264553,-0.5393045,0.1637691,-0.3247689,-0.302765,-0.08866489,-0.5676341,-0.7119188,0.145718,-0.113408,-0.745753,0.159047,0.9165173,-0.724484,-0.08661568,0.7168555,0.05962193,-0.1936847,-0.640826,-0.8155143,0.4534387,0.4334275,0.4313192,0.1463271,0.830539,0.3995092,-0.1198665,-0.7754035,0.8793354,0.6622622,0.3192782,-0.3966624,0.6826131,0.2216316,0.7433746,-0.1016444,0.2685799,0.7120776,-0.7041726,0.9154143,-0.2156457,-0.02751291,0.4700019,0.8507476,0.7282341,-0.7308352,0.09827721,-0.3606423,0.685339,-0.6520875,-0.1800078,-0.8746552,-0.4148742,0.9854698,0.3132548,-0.6552193,-0.8626406,0.6293297,0.4923927,-0.1241695,0.2185761,-0.3671356,0.6365674,0.8080485,-0.5968776,0.6358471,-0.1371678,-0.2451204,-0.515744,0.9703617,-0.273883,-0.173539,-0.3274711,0.8377233,0.1953648,-0.7796676,-0.2922956,0.6306462,0.5356505,-0.4234277,-0.7266827,-0.2626818,-0.2562193,-0.2567765,-0.2142836,-0.4913014,0.07355678,0.6147485,-0.9209638,0.5377855,-0.9061275,-0.05092704,0.3775742,0.944958,0.475836,0.7952552,-0.1696028,0.6704144,0.042364,0.3386385,0.8634117,0.7358501,-0.06335223,0.444036,0.06003416,0.5726407,0.111415,-0.3837115,-0.1243514,-0.01084077,-0.1582948,-0.1211237,0.7232573,0.7791402,0.8458173,-0.05769479,-0.5789196,-0.347596,-0.8988607,0.08131087,0.7749436,0.3531518,-0.06782806,0.7012336,0.8624337,0.7497823,0.08714116,0.9388211,-0.1371988,0.2376102,0.5740788,0.3645055,-0.1467644,0.7941144,0.863374,0.7737293,0.8155644,0.8936377,0.1750389,-0.7054474,-0.05964649,-0.9190936,0.06221783,0.2024568,0.6333919,0.7085021,-0.05252993,-0.07353365,-0.154986,0.8697178,0.9278297,0.7353969,0.2218014,-0.483605,0.1465131,0.6467104,0.4049852,0.1228493,-0.8401175,-0.191789,-0.8599916,-0.07695591,-0.6357937,-0.7056737,-0.3023852,-0.583117,0.8886123,-0.9953907,-0.2476999,0.231218,0.06578696,-0.78778,-0.1274167,0.4698326,-0.3027726,0.1438607,-0.8713813,0.5872426,-0.9736362,-0.007924199,-0.7528663,0.758343,-0.3073071,0.6507063,-0.9583144,-0.7419689,0.8663526,0.7541387,0.358942,-0.5035696,0.559104,0.6643634,0.411648,0.06394136,-0.231752,-0.9210603,0.03646624,-0.07322037,-0.4722823,0.6631699,0.05301821,0.8020084,0.04020441,0.9208405,0.1993729,0.1181923,0.6154535,-0.8516507,0.4508011,-0.6386056,-0.7019029,-0.7897255,0.4581072,0.2701177,-0.2522954,0.3524382,-0.6009893,0.6338108,0.01650584,-0.3833944,0.2514634,0.9328039,-0.71913,-0.3018392,0.8216817,-0.05903757,0.04136789,0.8914678,-0.3320736,-0.355492,0.6601613,0.705173,-0.4351066,-0.7788458,-0.2543701,-0.2795333,-0.9595902,-0.3572522,-0.5583928,0.6102419,-0.1839014,-0.3586556,0.9857283,0.3601167,0.7880967,-0.8622401,-0.3229111,-0.776927,-0.9415174,-0.4128686,0.7845511,-0.3914722,-0.3461119,0.9142599,-0.1194476,0.07005036,0.6516933,-0.1791388,0.8046644,0.6510565,-0.8523083,-0.7751915,0.5458233,0.666698,0.7280838,-0.4148792,0.6517467,0.8566561,0.02455866,0.728683,-0.6491284,-0.8072121,-0.8048494,0.05151951,-0.4620596,0.7425585,-0.2612902,0.6239443,-0.606514,0.7169595,0.7745957,0.1083654,0.181779,0.4678864,-0.04192197,-0.6147757,0.2639062,0.2268399,-0.1754297,0.6559451,-0.790745,0.8099096,0.5175555,0.1289941,0.7649035,0.3767051,-0.2888573,0.3295822,0.6930628,-0.1931216,-0.6025021,-0.7431414,0.5868289,-0.2787286,-0.506825,-0.8201187,0.8011436,0.07646763,-0.373758,0.733253,0.1498312,-0.01820195,-0.1784624,0.3293981,-0.8458183,-0.6681859,0.4864928,-0.545366,-0.7370172,0.8923204,-0.4620594,0.1783191,0.3311827,-0.8719616,0.8575892,-0.1136147,0.7032557,0.647999,0.2195123,0.4545614,0.5544314,-0.2539791,-0.5248363,-0.932488,0.8124065,0.5919569,0.7338452,-0.7924635,-0.787529,-0.9464164,-0.284278,0.7875192,-0.4971336,0.2875983,-0.5329413,-0.3913578,-0.8571918,0.7480416,0.153129,0.2176434,0.5222967,-0.8524716,0.8739522,-0.6046071,-0.9951189,-0.3133096,-0.4112805,0.9372234,0.6496968,0.2130178,0.5624893,0.5171695,0.7788458,0.1732134,-0.4227413,0.1271442,0.5091908,-0.3654443,-0.4510645,0.7867422,0.9790919,-0.8969643,0.5485516,-0.5448213,0.322463,-0.5797222,0.2499059,-0.9861994,-0.4559032,-0.9667892,0.7384846,-0.8543587,-0.2350522,-0.369429,0.9425173,-0.9519517,-0.1514269,-0.1119744,-0.3594817,0.2849581,0.8131638,-0.8814502,0.02616012,0.4947264,-0.7675111,-0.1745273,-0.2029864,0.3815818,0.4888062,-0.7455554,0.7863791,-0.6856177,0.3675604,0.9775918,-0.9950008,-0.5532727,0.02558124,-0.184472,0.6907322,-0.8911536,0.0623523,0.09569323,-0.3850075,-0.3648142,-0.9953783,-0.2839528,0.4930098,-0.09770191,0.4680888,-0.2862829,0.9814372,-0.7155318,0.296345,0.5839717,0.7481756,-0.583359,-0.9654436,-0.4570392,-0.1034707,0.9833379,0.8377199,-0.2793628,-0.262549,-0.4245259,0.3493054,-0.08888137,-0.8844922,0.3225865,0.8012514,0.1796039,0.9294035,0.4486763,0.4630692,-0.7192824,0.3592877,-0.1912748,-0.003549457,0.03456128,0.6317999,0.6598816,0.9633467,-0.2113594,0.06705487,-0.4582931,-0.8591311,0.4943978,-0.1417083,0.3473935,0.630564,-0.3793029,0.5086398,0.8473675,-0.9748464,0.5446475,0.4398393,0.6652758,0.6581519,-0.3754898,0.9866314,-0.690938,0.9393194,-0.9265404,0.1935073,-0.8048723,0.7818024,-0.4508384,0.5619459,0.8928638,-0.2829016,-0.8139684,0.6341903,-0.4358078,0.8512533,-0.9351976,-0.2048811,0.3413129,-0.4774493,-0.8556445,0.9871256,-0.7346246,-0.2423846,-0.6197705,-0.3205854,0.06297672,-0.06144679,-0.2646421,0.04894173,0.901494,0.5236292,0.4828651,0.9054499,0.7210205,-0.8858871,-0.6050372,0.4886093,0.7600453,-0.3663863,-0.2272969,0.5734875,-0.8828356,-0.9658954,-0.5030179,0.6033351,-0.8531663,-0.881753,0.1697415,-0.6638522,-0.8272736,-0.2206362,0.6299229,-0.1432732,0.1908406,-0.8165255,-0.2702318,0.2512474,-0.8109763,-0.747905,-0.5434649,0.7614539,0.5048997,-0.009554744,-0.2725209,0.05172098,-0.0417794,-0.4730579,0.7936029,0.5175459,-0.9996424,0.7818456,0.3348946,0.9413462,-0.2740434,0.6068385,-0.7840834,-0.1029876,0.8913772,0.05619347,-0.0486778,-0.3161944,-0.8928099,-0.7941802,-0.3311182,0.01388085,-0.4464389,-0.600549,-0.411805,-0.6797028,-0.3586475,0.1141955,-0.1470381,0.1799058,-0.1931139,-0.8119202,0.9914908,-0.4186846,0.8236198,-0.9232142,-0.8994787,-0.8751681,-0.8282106,-0.4271692,0.5420129,-0.2302533,0.2893319,-0.3535501,0.4317312,0.1081303,-0.925041,-0.2789882,-0.9433904,-0.0277096,0.4777691,0.7856493,-0.2449428,-0.2721916,-0.5163851,-0.7414677,-0.4886132,-0.04071581,0.4448335,-0.02413881,0.777771,-0.27518,-0.5440714,-0.666188,-0.8880899,0.4757058,0.8172076,-0.9753225,-0.9345746,-0.0444721,0.0226258,-0.4323574,0.9122019,0.8850601,-0.3427764,0.0820533,-0.7681139,0.9718575,-0.6497524,0.9854004,-0.8886447,-0.8719163,0.3227863,0.2763498,-0.3899895,0.3610646,0.3531162,-0.01304996,0.140891,-0.282379,0.05151737,0.3517558,0.8379138,-0.1717671,-0.7258878,-0.8108592,0.9040158,0.08341444,-0.3689224,0.6514382,0.9517052,0.3760309,0.8332462,-0.619782,-0.2278942,-0.7870359,0.8623197,-0.2321519,0.9659677,0.2626278,0.1858233,0.7677922,0.94942,0.898562,-0.997232,-0.9069083,-0.889946,-0.958518,0.4865009,-0.9555926,0.4770925,-0.4583279,0.8117459,0.1803762,-0.1488074,-0.9041362,-0.02182329,-0.05764353,0.4962523,-0.7355185,-0.2168022,-0.1169056,-0.002417445,-0.2976652,0.2563748,0.5483072,0.09484518,0.4242766,-0.1742655,-0.4342943,0.3270566,0.2015067,0.06868541,0.771729,0.4505675,-0.863385,0.6729474,-0.3329452,-0.2291921,-0.2982558,-0.06185281,0.8160434,-0.4966635,-0.7618294,0.4845864,0.6394744,-0.8034356,-0.1913844,-0.7619669,0.4206795,0.8165042,0.8887866,-0.8361349,0.6784592,-0.1248096,-0.05360806,-0.6613829,-0.1699337,-0.2453035,0.8057151,0.1134969,0.5382593,0.3262796,-0.3090698,-0.4537901,0.06812227,0.3966353,-0.1224157,-0.5467968,-0.225577,0.4682767,-0.6403258,-0.4011852,0.4432807,0.2387122,-0.8784347,0.5390465,-0.9183912,-0.3221999,0.8246911,0.8720834,0.2822578,-0.2058512,-0.4884912,-0.848577,0.1078907,-0.2164003,0.5429282,0.7467473,0.823061,0.7415314,0.9676952,-0.4113804,0.5104754,-0.06427538,-0.2462596,0.6478109,-0.8999686,-1.561642E-05,-0.2926494,0.1352919,0.7851443,0.5373244,0.6475546,0.5658603,-0.1489877,0.09780967,0.9144492,-0.6856463,0.6809199,0.1336755,0.2258736,-0.493095,0.5114229,-0.09363353,0.175265,-0.9855013,0.3648164,-0.08360231,-0.8960917,-0.5420625,-0.3799547,-0.06225836,-0.2279118,0.1651675,0.8824027,0.8590009,0.8556583,-0.5345471,0.660526,0.2341241,0.04744065,-0.5726697,-0.2085043,0.6538842,-0.3917857,0.8818762,0.09763014,0.08865178,-0.6118679,-0.9516821,-0.5154195,-0.4865535,0.7410171,-0.8760579,-0.7181928,-0.3844627,0.1647977,0.2232267,0.4470803,0.1532232,0.9563432,-0.1299628,-0.5356801,-0.8584192,0.1046206,-0.8463414,0.5560708,0.2523491,-0.3187386,0.3388476,0.09587657,-0.0843004,-0.239221,0.4577832,-0.7326012,-0.5720603,0.8703547,-0.0884248,0.245278,0.8618762,-0.6174252,-0.9712031,0.5417349,-0.6503332,0.3618116,-0.9036202,0.851403,0.1501852,-0.06212032,-0.6036937,-0.2316364,0.8923039,-0.470976,0.325082,0.7786245,-0.9386024,-0.07868111,0.8701653,-0.687815,-0.8214152,0.9691632,0.8286624,0.4154744,0.5764103,-0.420689,-0.03322971,0.5493848,-0.8043993,-0.4868997,-0.5192113,-0.9889343,0.8323174,0.196797,0.375021,-0.6263592,0.2670893,-0.3202108,-0.9532568,-0.2329916,-0.6390092,0.3970852,0.5826135,0.1108853,0.4614932,-0.7614861,0.2958524,-0.7412364,0.2471398,0.1108738,0.6975176,0.3031637,0.8590164,0.1415635,0.5849597,0.04241526,0.6190369,-0.6679745,0.204981,-0.8651204,-0.8778739,-0.4630941,0.2527313,-0.8836334,-0.1258887,-0.4492627,-0.5887568,0.7240098,-0.9837859,0.9813845,-0.812573,0.7827041,-0.2276236,0.5099115,-0.9551411,-0.1244138,-0.510227,0.3602936,-0.6652129,0.8485875,0.5838723,0.9391103,-0.7156994,-0.9612827,0.4674875,0.08377063,-0.8102565,-0.6440377,0.6901457,0.08064497,0.9945414,-0.4367775,-0.1588768,0.4167938,-0.1584841,-0.07001269,0.8194647,-0.7967393,0.9080033,0.9040921,-0.4920775,-0.7996032,-0.9681191,-0.7669504,0.1210469,0.5642364,0.6092849,-0.506705,-0.3458525,-0.7762716,0.8910038,0.9481134,-0.8620675,-0.3896033,-0.5329828,0.4183461,-0.8269362,-0.05026019,-0.7846055,-0.06924236,-0.02657664,0.8774741,-0.07716382,0.5841615,0.710604,-0.778194,-0.8668909,-0.4973186,0.2693252,0.03307402,-0.6819332,-0.8058498,-0.5311146,-0.9896462,-0.1868623,-0.9975963,0.5685616,-0.9357934,-0.7046487,-0.4001213,-0.5293012,-0.2826101,-0.3442985,-0.3554372,0.1377238,0.4921875,-0.1395532,0.5588253,0.4599797,0.04352438,0.9386072,0.4280402,0.479027,0.1905555,0.1610891,-0.1983563,0.2645056,0.9747546,0.5748901,0.231202,0.879122,-0.613132,0.3962965,-0.03667438,-0.3080455,0.4311051,0.6204059,-0.8038278,0.7872114,0.1227199,-0.2284571,0.2456542,0.26392,0.3844003,0.8428428,-0.6929743,-0.6449132,-0.2164282,-0.7073116,-0.2138757,-0.1666158,0.5499744,-0.4046441,0.5138397,-0.8284702,0.851716,-0.2801152,0.1639749,-0.0450753,-0.586848,-0.7891893,-0.3092717,0.773798,-0.644176,-0.6846032,0.667592,-0.3771125,0.05013835,-0.88504,-0.8473463,-0.6365614,0.3546819,-0.3099011,0.7887897,-0.3739985,-0.6071372,0.6851161,0.04261744,0.575129,-0.4447945,0.6483135,0.2613167,0.3616132,0.5345771,-0.9928448,-0.5769224,0.02449977,0.03862298,0.1406225,-0.1427506,0.8851404,-0.216633,-0.05837333,0.2993006,0.4570689,-0.3795651,-0.7388973,-0.4596215,-0.6876123,0.9913669,-0.7859287,-0.9480982,-0.9684668,-0.7981443,-0.4200646,0.9567387,0.9085038,-0.5369389,-0.6464112,0.8921456,0.8690362,-0.4779011,0.8878653,-0.1536576,0.5694523,-0.3690835,0.751585,-0.4288393,-0.06671703,-0.03868496,0.4769578,0.4441962,0.8275785,-0.4373809,0.2693767,-0.393205,-0.3025862,-0.5851657,-0.8097985,0.2837207,-0.2833289,-0.02253258,-0.4100941,0.564672,0.1521691,-0.6094303,-0.9416368,-0.7056808,0.3803415,0.02354634,-0.1551603,0.5371585,0.2461611,0.981216,-0.7240109,0.8488233,-0.6560411,0.3776209,0.9084692,0.3436887,-0.05372322,0.8697031,-0.8980312,-0.2077447,0.1419481,0.3081925,0.5744324,0.1181697,0.8125212,0.1691028,-0.3046001,0.4362077,0.3563747,-0.4384888,-0.9344635,-0.9556336,-0.07753742,0.9580812,0.2961108,0.9803143,0.09844744,0.3431978,-0.4526578,0.7907236,-0.5193927,0.1769439,0.663676,-0.1500555,0.5323458,0.7886295,-0.4858862,0.4907338,-0.327154,0.1158975,0.6010287,0.4842448,-0.6495347,-0.4693154,0.6759474,-0.2591223,0.5831072,0.1146206,0.1900607,-0.6255584,-0.4566807,-0.2284123,0.6155772,0.7093837,-0.04116547,-0.1248351,-0.2532989,0.276401,0.8968656,-0.02562726,0.3504595,0.4981627,0.8157697,-0.5814469,0.4134407,0.5529442,0.742491,-0.3430785,-0.2192076,-0.8888996,-0.210049,-0.9537153,-0.9158528,0.6740794,0.860033,0.452224,-0.5973432,0.9740498,0.1379722,0.2199656,0.2807104,-0.3941747,0.3544278,0.9719787,-0.001162887,-0.6232929,-0.8498852,0.4589703,-0.2580742,0.2950535,-0.8992991,-0.8711286,0.696382,0.7429931,-0.9232838,0.1693033,-0.4290544,0.8128672,0.3823781,-0.5126121,-0.1454266,0.990515,0.5159535,0.6928556,0.428204,0.1330951,-0.1196967,-0.4812902,-0.03706563,0.9573772,0.5472183,0.07433236,0.7568696,-0.8961577,-0.8122828,-0.2507085,-0.578012,0.6221814,-0.1371387,-0.7903712,0.150601,0.1184169,-0.613656,-0.9151943,0.5710154,-0.3783702,-0.7840466,-0.1570185,0.6215997,0.3005607,-0.1471473,0.8437524,0.1045479,-0.7307644,-0.03693306,-0.7098613,-0.5821214,0.001148582,-0.255869,0.3293473,0.3513956,-0.3336245,0.6368847,-0.01560223,0.372004,0.1608649,-0.2615777,-0.65558,-0.4970092,0.3136875,-0.06890571,0.6028702,0.8285272,0.03856862,-0.6405191,0.8770297,-0.05698955,-0.8811018,-0.3992277,-0.1853448,-0.5571146,-0.4123241,0.7688787,0.1143311,-0.8882542,0.1985589,0.3307662,0.7844551,-0.1802546,0.8631139,0.2616079,0.9896636,0.03984225,0.4876818,0.6608434,-0.2031516,0.3577718,-0.666045,-0.1374887,-0.06157005,0.5359294,-0.5183175,-0.3935722,0.6868265,-0.1953253,-0.5508721,-0.04657018,0.6658738,-0.3839217,-0.5047939,-0.4633838,-0.4110199,-0.9520502,0.7195721,0.03913724,0.6139543,-0.0598067,0.9462402,-0.3892683,-0.3704137,0.1663386,-0.2465874,-0.6650114,-0.5393567,-0.2978121,0.390881,-0.2992035,-0.2098507,-0.5470691,-0.1559497,0.1778532,0.003537059,0.9021308,-0.2747465,0.388488,-0.8608699,0.08254874,-0.6296248,-0.8882906,0.03719652,-0.8600121,0.2063161,-0.4403516,0.6411021,0.3564872,0.989166,-0.006593585,0.3254203,0.4794402,-0.9833162,-0.5319698,-0.7720058,0.9022069,-0.7978952,-0.6718163,0.06261289,0.4719436,0.7727015,0.2634811,0.09111083,-0.08515656,0.8203948,0.4379375,0.3549463,-0.5827022,-0.4285585,0.4238553,-0.7357764,0.8267386,-0.4261807,0.9507139,0.4409232,0.6983168,0.6382065,0.9978876,-0.1753811,-0.806685,-0.1902429,-0.4605616,-0.3727905,0.2055951,-0.5595851,0.9210455,0.3945961,0.09595954,0.1157383,-0.7784147,0.1308414,0.2909636,0.06144559,0.00851357,-0.2602023,0.8412421,-0.2923015,-0.04322922,0.9264441,-0.1936346,0.6542494,-0.4718679,-0.1109504,-0.3604587,-0.211114,-0.6526957,-0.9958231,-0.03114498,0.4677789,0.5618203,-0.6651907,0.5939543,0.4615912,0.8644414,-0.9930227,-0.3548857,0.2332708,0.8727257,-0.9270139,-0.5559947,-0.7033377,-0.9856169,-0.7351673,-0.3441373,0.8406482,-0.4555167,0.6573405,0.8695302,0.3907511,-0.04362762,0.4943659,-0.8475296,-0.6708586,0.8282785,0.2733178,-0.762902,0.6804898,-0.8368514,0.7256811,0.8331218,0.35152,0.9082792,0.30971,0.157818,-0.06010711,0.3922949,-0.8312521,-0.1974536,0.5590539,-0.8356643,-0.9993658,0.0044204,0.4155326,-0.6485617,-0.7186975,0.2600779,-0.6234386,-0.2318565,-0.9709744,-0.8449304,-0.08459961,-0.01080096,-0.005467296,-0.009120584,-0.08228886,-0.03316271,-0.3177825,-0.2402261,-0.5814612,-0.6436381,0.6649489,0.7430377,-0.6537702,-0.8669071,-0.6609924,-0.8392448,-0.4653798,0.9656966,0.5485897,0.4774337,-0.9358823,0.4304895,0.9167168,0.5256443,-0.6890872,-0.21354,-0.3177427,-0.05634987,0.6219296,-0.8991616,0.8045666,-0.7723269,0.3962214,0.3689699,0.4272778,0.05253041,-0.452504,-0.3952385,0.683687,0.3820479,0.4053847,-0.1085941,-0.9598017,-0.6571121,0.6454103,0.9888735,-0.4975458,-0.5498412,0.7287588,0.2083138,-0.7556744,-0.8407979,0.5423186,-0.7411087,-0.4309646,0.01914561,-0.1091889,-0.7036877,0.4442439,-0.4104904,-0.9927154,0.1558884,0.2159058,-0.3087453,-0.3023959,-0.2756175,0.8971019,-0.1384019,-0.8850605,0.8612845,0.1664692,-0.1490229,-0.2007176,0.4288463,-0.1435922,-0.4694639,0.1695329,0.07611549,-0.04959834,-0.4792022,-0.9686828,-0.2672478,0.687798,0.9506226,0.4862282,-0.9354963,0.554363,-0.662631,-0.2053558,-0.03370512,-0.7438846,-0.2518758,0.613611,-0.2395371,-0.4385959,0.1502947,-0.2708472,-0.920737,-0.2671243,0.7610185,0.9277434,-0.9956317,0.3953337,0.3684683,0.4943876,-0.4490007,0.3673138,0.2443227,0.682637,-0.3707138,0.7752993,-0.5276852,-0.06325948,-0.7902086,0.8668675,-0.7608161,0.9911771,0.3692412,-0.6579106,0.9234416,-0.01645553,-0.2557849,-0.3950583,0.1683916,0.3005538,-0.9848325,-0.5669775,0.3901491,-0.2993473,0.1075281,-0.573307,0.3319492,0.7664232,0.8570707,0.1311058,-0.5182557,0.5586522,0.2857656,-0.8264763,0.01312053,0.4119141,-0.4491094,0.736094,-0.3195966,-0.7800808,-0.6540096,0.2638697,0.9029622,-0.9374232,-0.3566788,-0.9853802,0.4771073,-0.4674751,0.7439883,-0.1199309,-0.7630098,-0.2081183,0.5103867,-0.9276655,-0.8123367,0.1629156,-0.01532423,-0.715163,-0.01027119,-0.5277464,0.6761215,-0.8277247,0.7877507,0.331104,-0.3963078,-0.8219018,-0.7623475,-0.1450893,0.07959282,0.4988253,0.06066573,0.4303419,-0.603447,-0.7698956,-0.2179991,-0.6349187,0.9402187,0.1410905,0.6114025,0.5779762,-0.4514192,0.1699921,-0.1545242,0.2037271,-0.4535917,-0.4922985,0.0006693602,0.4445126,0.2453219,-0.1106099,-0.02551997,-0.611994,0.2187411,-0.1348735,0.4808347,-0.7567768,0.813983,-0.1900789,-0.1398913,-0.4722031,-0.5448332,-0.1560282,-0.8833346,0.3018567,0.6067255,-0.9622393,-0.5586972,-0.7688396,-0.7734869,0.7758946,0.6108153,-0.7236087,-0.9509149,-0.9492226,-0.4034442,0.4642694,0.6101439,-0.2450913,-0.9307423,-0.412819,-0.4409541,-0.9320738,-0.04628599,-0.157847,-0.656461,0.1073402,-0.4294106,0.5822685,0.844507,-0.269554,0.09231365,-0.9868677,0.2880528,0.633455,-0.1430408,0.03034127,0.8135817,0.6651683,-0.625596,-0.4727238,-0.6859326,0.8222306,-0.3177034,0.1557635,0.08230937,-0.9734569,-0.1786135,0.2635915,0.6884942,0.1819428,-0.486575,-0.6047156,0.2571685,-0.6368141,0.1819063,0.05768764,-0.4104539,0.2172133,0.7410553,0.456125,0.8378656,-0.6625683,0.3423352,-0.2619449,-0.6163025,0.672554,-0.5791197,0.2166671,-0.1225663,-0.3215324,-0.9797454,0.2009104,-0.7093523,-0.06696427,-0.5782104,0.8603275,0.9384451,-0.7972207,0.6818707,0.9130583,0.642849,0.4019608,0.7702568,-0.02405369,-0.1959637,-0.8418624,-0.6894221,-0.9188812,-0.1738101,-0.8757894,-0.4049405,-0.300357,-0.073295,0.3003142,-0.7413664,-0.674016,0.3167927,0.8003221,0.7187181,0.1053361,0.9723852,-0.5328219,0.1836065,-0.4793326,0.4255552,0.5323732,0.1981546,-0.8249795,0.1857148,-0.5135016,-0.6931458,0.974493,-0.3916556,-0.3577789,0.7602711,-0.03490078,0.5089011,0.5370643,-0.2276386,0.5752709,-0.3349582,0.9739888,-0.8581934,-0.1834356,-0.5522716,-0.4293708,0.2811958,-0.2947243,-0.6874151,-0.3589047,0.964437,-0.7767367,-0.8998983,0.4652266,0.9670863,0.8043706,-0.2995895,0.1385955,-0.7963943,-0.7789035,0.953095,-0.3677481,0.01250207,-0.6120763,-0.3488282,0.1852285,-0.7718604,0.2062103,0.9797714,0.7613127,0.6601772,-0.2143432,-0.8571157,-0.2269584,0.3500285,0.6852503,-0.01605785,0.8738582,-0.6789055,-0.8924205,-0.9584727,-0.5304866,0.8353527,0.2066489,0.8946669,-0.7074971,-0.8863013,-0.05303442,-0.09555066,0.1633362,-0.4276623,0.921382,-0.3075432,-0.9121892,0.03827131,-0.4127611,0.6841905,0.956687,-0.6834409,-0.1597129,-0.3817602,0.7314587,0.7506425,0.05918586,0.8209746,-0.2727894,0.3685038,-0.3935243,0.3777501,-0.5671639,0.192644,-0.2379268,0.785125,-0.4656829,-0.8718777,0.7433829,0.9190552,-0.9801736,0.2446619,-0.3756231,0.9788945,0.5540922,0.9151134,-0.11454,0.4373214,0.7687624,-0.3830143,-0.06707537,0.02282488,0.1969749,0.9720592,-0.9317868,-0.555733,0.8675644,-0.4483041,0.6666188,-0.6428523,0.6166835,-0.101077,0.8765233,-0.4434572,0.2870304,-0.9619193,-0.9392736,-0.4994074,0.2697212,-0.2885197,-0.8369453,-0.1144983,0.78529,0.9455924,0.5855732,-0.5486052,-0.8386838,-0.1684383,0.005621552,0.6892991,-0.6975954,-0.6656165,-0.2524887,0.9548321,0.8873379,0.4346316,-0.9957938,-0.2997566,0.6176581,0.1971167,-0.9662097,-0.3192688,0.1707882,0.7757888,-0.1147798,0.294152,-0.7484531,0.7086236,-0.5946596,-0.03258979,0.5921397,-0.8633933,-0.569314,-0.09558904,0.9645231,-0.2009767,-0.8933909,0.02303112,-0.1479119,-0.9915857,-0.8088613,0.3423917,-0.6580985,0.09000576,0.7704196,-0.7213852,0.0557729,0.1048685,0.3448827,-0.8673868,0.8276453,0.2328697,0.2705471,0.9246354,0.4529235,-0.3851472,0.4449827,0.8368742,0.4277343,0.8214984,0.2381874,-0.8765109,-0.9068756,0.8664632,-0.1132773,0.8267558,-0.5751162,-0.9908779,0.9362152,-0.692096,0.6319036,-0.1025559,0.8700261,-0.2236348,-0.6570044,0.6190109,0.09590614,0.6634095,0.597508,0.2305948,-0.5515771,0.2871961,-0.2367357,0.5126386,0.8797147,0.1663066,-0.3972775,-0.4017171,0.8898823,-0.3823594,0.4555907,0.8069019,0.8364625,0.03066146,0.6089139,-0.4890858,0.3724737,0.6420107,-0.994669,0.489671,-0.3713957,0.4294402,0.1367801,-0.5959022,0.9762516,0.3839128,-0.7807384,0.3243174,0.7763419,-0.4882144,0.3439564,0.085127,-0.4305941,0.786911,0.1885749,-0.008378863,0.3371288,0.166577,-0.9442823,-0.1139239,0.2617798,-0.9461992,-0.625212,0.9458656,-0.2191008,0.7317052,0.9837782,-0.8401723,0.3780753,-0.8180192,-0.09618485,0.9496727,-0.7945273,-0.699959,-0.03400004,-0.5199659,0.7660134,0.574471,0.8459439,0.6373811,0.007318854,0.381587,0.05028856,-0.01396334,-0.3005563,0.412271,0.9967604,0.5624871,0.4205529,0.397531,0.1540719,0.873421,-0.5605266,0.9942164,0.4106621,0.007271647,-0.009410501,-0.8777645,0.7633772,0.6758611,-0.9816227,0.5524142,0.7090731,-0.6696229,0.206472,-0.3392519,0.1374842,-0.4072098,0.7507834,0.2533397,-0.3274926,0.7097075,-0.5661919,0.3788221,-0.8476706,0.001968741,0.6399324,0.2897789,-0.6340079,0.2753808,0.7753854,0.3593654,-0.6373034,-0.02918613,0.4286763,-0.8187251,0.6951826,0.2793669,-0.04282153,0.3294873,-0.6233637,0.7197895,0.1207615,0.3562238,0.1465603,0.5111082,0.8505063,-0.08664453,-0.2699915,-0.1851815,0.2703387,-0.1503197,0.3605227,0.01977384,-0.1029736,-0.978008,0.01206625,-0.4761628,0.5171926,0.4245884,0.0325824,-0.6415174,0.01924217,-0.3428258,-0.3625051,-0.03521025,0.6807475,0.9904053,-0.7834227,0.3173055,0.3323676,-0.06047022,0.8850563,-0.4447194,0.1347932,-0.379378,-0.2676848,-0.186076,0.01440775,-0.07775009,0.5864627,0.1756026,0.2974813,-0.4974018,-0.7761841,0.8640199,0.1349734,0.9997432,0.3462147,0.6979337,0.2338046,0.6165946,-0.8227191,-0.2457334,-0.3679086,0.4072008,-0.3424746,0.2889247,-0.5156434,0.1446007,-0.8299971,0.4962833,0.8712738,-0.2368275,0.5719275,-0.182108,0.1405121,0.5894105,-0.8877845,-0.1620077,-0.2212363,0.6247323,-0.4766685,0.9488249,-0.8047335,-0.8465009,0.5935893,0.5176613,0.4663124,-0.6021349,-0.7037804,0.7396727,0.17094,-0.4941784,-0.8809252,-0.08795583,-0.9290428,-0.06227076,-0.7809594,-0.821883,-0.6852701,0.47735,0.1985182,-0.3071059,0.7512417,-0.6242476,-0.8369653,0.01954067,-0.09946358,0.882659,0.4018511,-0.1545719,0.4781854,-0.09050262,0.8600786,0.5566394,-0.6453483,-0.3648621,0.6973398,0.04644239,-0.4338337,-0.9094951,-0.6449306,-0.4205643,-0.9065974,-0.9252322,0.6033814,0.941453,0.4390351,-0.1879793,-0.08433402,-0.9414258,-0.4992241,-0.1294211,0.7563493,-0.3148235,0.5110376,-0.04506814,0.162778,-0.7236068,-0.04086053,-0.03297484,-0.7858994,0.3044131,-0.08622611,-0.7527115,-0.3997351,-0.3588358,0.02717626,0.5450456,0.3517272,-0.9167037,0.4963784,0.8508687,-0.8321095,-0.13142,0.8436902,-0.8618088,-0.9879913,-0.9560049,-0.389546,-0.9829736,0.9911895,-0.2390469,0.3658147,0.8120911,0.1288127,0.7424314,-0.8204718,0.9349499,0.7329977,-0.9767129,-0.3942739,0.6169467,0.2322925,0.1890725,0.4748513,0.1632813,-0.1011521,-0.7412999,0.9454451,-0.2323123,0.7331462,-0.08818948,-0.3364002,-0.5748303,-0.8664091,0.4528711,0.9879651,-0.9148676,-0.5702903,0.9433033,0.5682449,0.4108624,0.6515677,-0.5495584,-0.8610716,0.3000414,0.1275917,0.09563386,0.9434669,-0.4913269,-0.5694604,0.1375602,-0.5974073,-0.5344012,0.07818997,-0.1462852,0.7718246,-0.9349022,-0.3533233,-0.2823495,-0.6205041,-0.9890959,0.7935767,0.970119,-0.4875838,-0.2209121,0.3989427,0.643168,-0.7121475,0.1865691,0.1855239,-0.8043268,0.1074883,0.7765729,-0.4116098,-0.05068004,-0.4630052,0.4216847,0.7226875,0.9747396,-0.3593673,0.1220187,-0.8128943,0.5383587,0.7932236,0.2735915,0.1943654,-0.5315976,0.5551918,-0.7983804,0.4466524,-0.7368977,0.7017567,0.3450851,-0.1645516,0.5196555,-0.8088841,0.5424373,0.8301837,0.1451782,0.8636405,-0.3921684,0.8497465,0.7171624,-0.3681446,-0.464965,0.7550766,0.4625847,-0.3547646,0.7289846,-0.1812106,-0.8118105,-0.196823,-0.9931049,-0.8537533,-0.3213896,0.6094742,0.4638397,0.09160984,-0.8713484,0.2692845,-0.3397421,0.5122499,-0.4126149,0.03240478,-0.7865374,0.9499958,-0.8456016,0.5689197,-0.7734966,0.5858862,0.3721869,-0.6112764,0.7681072,0.3765309,-0.644264,-0.906966,0.7148364,0.4615879,-0.3596252,0.4219088,-0.9497228,0.509681,-0.6369071,-0.9528022,0.9674695,0.4940717,-0.4358128,0.7030776,-0.507489,0.09060895,-0.623163,-0.763639,0.8347771,-0.08075893,0.8512554,0.5393956,0.7829933,0.9924076,-0.7750647,-0.2652014,0.3656602,-0.3773772,0.2449809,0.8774102,-0.5864251,0.5190306,0.4311814,-0.7482686,0.284651,0.4222111,0.4271176,0.5830142,0.2467419,0.5426323,0.3463647,0.2386745,-0.1024524,0.3135562,0.688205,-0.5118005,0.9787331,0.06302726,0.6379271,-0.8693776,-0.008355021,0.4139595,-0.2182952,0.1682359,-0.2216021,-0.3453871,0.2099541,-0.5026987,-0.06887782,0.3290524,0.005033612,0.1379446,0.9268241,0.8975325,-0.8487222,-0.7558122,-0.0821656,-0.195557,-0.7050476,-0.602401,-0.4696945,-0.656147,-0.8215969,0.3295619,-0.7907598,-0.7515092,-0.3289167,-0.549284,0.2660451,-0.8677413,-0.8906119,-0.7992821,-0.153154,0.7818632,0.1437219,-0.2243663,-0.344896,0.6580513,-0.2017061,0.6932867,-0.4339846,0.3145306,0.5903993,0.2406622,0.4527964,-0.755477,-0.5776114,-0.2413875,-0.9447582,-0.7083015,0.9164677,-0.7089689,0.1693116,-0.1303698,-0.2432755,-0.651927,-0.8292944,0.1026164,0.06659544,-0.4999875,-0.8170652,0.3807163,0.2205032,0.05584037,0.3632579,0.3273818,-0.2261385,0.6764591,0.4553897,-0.460127,0.8219569,0.2372571,-0.5515382,-0.08063138,-0.6341388,0.9164486,-0.5740287,-0.3376712,-0.2440916,-0.622901,-0.5073152,-0.6152704,-0.7388935,-0.7930233,0.9429216,-0.09516776,0.4874403,-0.847929,-0.1748854,0.1249031,0.6697342,0.1787542,-0.7102661,-0.3189443,-0.47307,-0.7323174,0.7871764,-0.9035804,0.3224744,-0.8730123,-0.9688725,0.6248264,-0.06502235,-0.9853542,0.5629582,0.7152541,-0.6413212,0.7944794,-0.5619602,-0.06596315,0.4188955,-0.9328582,0.871558,-0.5294366,-0.781215,0.06783593,-0.6781011,0.4115297,0.473772,0.2976687,0.6195552,-0.2952482,0.6746047,0.04076374,0.1826049,-0.5782835,-0.9051383,0.3741982,-0.02940691,-0.2475661,-0.2875375,-0.4330481,-0.2409936,0.6666818,-0.2165891,0.5862501,-0.9876897,0.7502666,0.5340216,-0.5463161,-0.9834185,0.151446,0.7621007,0.4891457,0.652807,-0.001585126,-0.6965923,0.3261382,-0.6486249,-0.3321146,0.3796053,-0.5912127,-0.9319448,0.5268898,0.8592465,0.1644036,0.5034733,-0.4017669,0.7904,0.262166,-0.735769,0.1611935,0.1847736,-0.3213943,-0.5293245,0.4681413,0.2930407,0.4185126,-0.2694112,0.07788599,-0.007301688,-0.7011762,-0.1667773,0.01121652,-0.6369143,-0.9265003,0.6163526,-0.2949942,0.9711959,-0.5875077,0.9218049,0.3006668,-0.4343585,-0.3926059,-0.7283461,-0.1713992,0.942101,0.7046256,-0.3777727,0.08741128,-0.1338481,-0.8291254,-0.1559156,0.0963856,-0.001993537,-0.8884075,-0.0483557,0.7536833,-0.5154095,-0.597964,0.04983985,-0.01162517,-0.9841797,0.5670214,-0.8795464,-0.5457046,0.5547833,-0.2425205,0.1160632,0.5473895,-0.01755941,-0.7393782,-0.6663868,-0.616359,0.3144898,0.9429832,0.735651,-0.7190831,0.4812202,0.8751316,0.8745854,-0.8734655,0.6338906,0.9888494,-0.8870785,0.08391988,0.9364049,0.3352971,-0.5504825,-0.4897712,-0.8180797,-0.03692639,-0.5782151,0.8670588,0.2788477,-0.7929699,-0.2027231,0.600106,-0.9429412,-0.7231824,0.3685875,0.3648169,-0.59284,-0.1161948,-0.4987673,0.6175768,0.01779282,-0.3033179,0.1033984,-0.5578392,-0.2263378,0.570662,-0.4514331,0.8169715,0.7350595,0.7981017,-0.6699214,-0.4957627,0.7556083,0.761961,-0.5095568,0.2231334,0.4552476,0.3926027,-0.2228838,0.9778774,-0.2843384,-0.4283937,-0.8069649,0.5602326,-0.5868051,-0.2276243,0.8036046,-0.550216,-0.4932157,-0.2024802,0.7418191,0.05282938,-0.2812954,-0.2497498,0.3186168,0.08954751,-0.7567263,-0.6286013,-0.7906568,-0.266647,0.4461438,0.3289685,0.8248217,-0.9940417,0.7531538,0.9703462,0.960535,0.193972,0.4754085,0.1712779,0.5630112,0.339611,-0.4804648,-0.8758063,-0.6918712,-0.1677979,0.5582919,0.7118261,-0.2038959,-0.07090342,0.657177,0.8655219,-0.2527157,-0.2388695,0.3253607,-0.5262144,-0.9887965,0.04562056,-0.6357265,0.07928002,0.9370623,-0.2175325,0.2239879,-0.008098245,0.3230331,-0.2420467,-0.7163842,-0.5047789,0.2452275,0.5840867,-0.5169311,0.3742094,-0.2908722,-0.4991554,-0.7973659,-0.1559402,-0.6938436,0.1475142,0.7434874,0.1033515,-0.6824224,-0.601001,-0.05440104,-0.7604916,-0.8354475,0.9816141,-0.8149362,0.1480387,0.1345555,0.7134194,-0.2575461,0.4507661,0.08653057,-0.05714381,0.88641,0.1909486,-0.6005573,0.3959434,0.4111607,0.882313,-0.1142806,0.1016744,-0.1687855,0.5398047,0.6716034,-0.9913077,-0.1798474,-0.7714567,-0.764117,-0.09141743,-0.7329247,-0.8808742,0.6935885,-0.3444663,0.5907893,0.2606611,-0.7391918,0.1766967,-0.8765919,-0.6299665,-0.8720074,-0.05145085,-0.3174397,0.0217067,-0.2102388,0.8997331,0.7879162,-0.3687798,-0.3280977,-0.6548071,0.6141558,0.4520752,-0.0959543,0.4181523,0.6190131,-0.9344633,0.2439994,0.7510099,0.1151675,-0.3924788,-0.504442,0.7740057,0.4813325,-0.804292,-0.9559262,0.9077482,0.80231,-0.9816496,-0.9261777,-0.3617789,0.7099051,-0.3507127,0.9132459,0.9479437,0.255959,-0.3619429,0.9483271,-0.0169822,0.4188299,-0.5087645,-0.2000214,0.6897533,0.7672153,-0.167348,0.7662416,-0.8091588,0.09278286,-0.2012402,0.05417144,0.8130181,-0.6168342,0.2785287,0.7660029,-0.3081213,-0.05908954,-0.6258845,0.744904,0.09559095,0.3770299,0.5275381,-0.2050589,-0.3658146,-0.0634793,0.746016,-0.2127792,-0.08506906,-0.1403157,0.6631126,-0.7155726,0.1518971,0.5577347,-0.6973915,-0.0196594,0.5227168,-0.06550062,0.7421255,0.603915,0.2986655,-0.8711357,-0.8201611,0.3236088,-0.1135682,0.2566919,0.3149337,0.3822474,0.6138856,0.4314184,-0.770262,0.35727,0.7431643,-0.4851595,0.7315249,0.03387272,0.5124073,-0.5977664,-0.3058923,-0.6011424,0.3964164,0.008179307,-0.9977448,-0.2647971,0.9440954,0.2277876,-0.4906265,0.293487,-0.5975528,0.8315737,-0.4644519,-0.3142611,-0.3641499,0.6834447,-0.8724782,-0.5348337,-0.7283306,0.3465001,-0.0896827,-0.3211728,0.1761814,0.6048403,-0.6277883,0.03357947,-0.4301459,-0.843132,-0.01090682,-0.4644543,-0.9969332,-0.8686481,-0.6781549,0.1610352,0.03150499,-0.9576206,0.8828571,0.4736888,0.9030209,-0.9999387,0.04943383,-0.7908418,0.05765426,-0.4416322,0.5064189,0.2774284,-0.4080209,-0.001617551,-0.5563936,0.6874723,0.5993004,0.09777224,0.3904462,0.9432073,-0.299281,-0.2424999,-0.9648581,-0.8997786,-0.5004625,-0.1034366,-0.68713,-0.4210891,-0.4398023,-0.003347754,-0.7739716,-0.1459974,0.2679059,0.9722474,-0.8211319,0.9851592,0.3084211,-0.7291443,-0.7004626,0.1468807,-0.96526,-0.269106,0.9974427,-0.8336427,0.5806563,-0.2604383,-0.4137231,0.5443518,0.829457,0.07192361,0.6246893,0.0260309,0.7028594,-0.119192,0.9118831,0.3913035,0.09327495,0.2443198,0.9723606,0.9580922,-0.2257122,-0.1241354,0.6749151,0.7507164,0.7050989,0.9096472,-0.3041688,-0.8933692,0.06549728,0.1255902,0.6567218,0.6954675,-0.9572294,-0.7592897,-0.7904494,-0.8066821,0.03932226,-0.00508368,0.7693491,0.9698544,-0.07083452,0.5178728,-0.912724,-0.6442938,0.5816319,-0.9481544,0.2593529,0.1169029,-0.572814,0.7985387,0.7179523,0.3465221,0.01493943,0.9739938,0.5573785,0.0220629,-0.06458151,-0.6862752,0.5245283,-0.6851754,0.8455172,0.8150234,0.8698735,0.7114813,0.5876594,0.580168,-0.05422437,-0.1342071,0.1836869,0.5992208,-0.3914882,0.6055546,-0.9536717,-0.4134759,0.06332719,0.4857056,-0.7332487,-0.07628906,-0.6597223,0.1996766,0.5375044,-0.6557977,0.8133564,-0.3249527,-0.8078983,0.1821798,0.907603,-0.2917899,0.3272259,-0.4531678,-0.3291923,-0.8887477,-0.4917716,0.1695329,-0.4150897,-0.7416868,-0.8822844,0.5199418,-0.73914,-0.877867,-0.09166157,0.1088105,0.2990191,-0.3223068,0.6236908,-0.017326,0.8916366,-0.725945,-0.5991066,0.4506657,0.1443888,-0.5451202,-0.3430153,0.337866,-0.3710474,-0.02766502,0.2288173,-0.002595782,0.979964,-0.4282597,0.04426062,-0.8318996,0.7799692,-0.1508042,-0.1216794,0.408359,0.6861615,0.6409769,-0.8506813,0.08649099,0.660377,0.3061661,-0.1101698,0.1007334,-0.3565894,-0.7110538,0.4838347,0.7427335,-0.3058211,-0.09147799,-0.2729713,-0.5823174,0.3973839,-0.8667326,-0.7653775,0.6085596,0.9028614,-0.1746441,0.2124354,-0.7728088,0.228865,-0.9475031,0.9063783,0.9725339,-0.02091157,0.9683158,-0.791868,0.9848206,0.232334,-0.842706,0.8440168,-0.4428643,0.04933703,0.06180847,-0.6833844,0.1483916,-0.3599702,-0.3339247,0.9929786,0.04200876,-0.0909549,-0.9849393,0.950098,-0.06065309,0.2055122,-0.5007675,0.7740576,0.3793063,0.6076877,0.4279041,0.2591805,-0.01856053,0.1047958,0.5419683,-0.5544493,-0.2387954,0.05699337,-0.8934546,-0.210991,-0.9171977,0.4011001,-0.6913743,-0.8346913,-0.06765664,-0.09445202,-0.06965411,-0.5251431,-0.2942632,0.8543005,0.4382081,-0.8964121,0.3708937,0.7618091,0.3299355,0.2314726,0.1566831,-0.8221366,-0.9594824,-0.1862215,-0.2870911,0.6981072,0.8228445,-0.8009138,0.7322385,0.800585,-0.1255962,-0.9217255,-0.965445,0.6464705,0.2026545,-0.02348006,0.473453,-0.01265633,0.1419376,-0.9085643,0.645808,0.8242788,0.9879186,-0.3426014,0.4115939,0.439698,-0.1352819,0.6083682,0.268908,-0.08763826,-0.09548581,0.1804658,-0.1947416,0.5460124,-0.6044116,-0.7193999,-0.8395586,0.08184016,0.8500717,-0.7897863,0.4674365,0.3915608,-0.7706916,-0.3783008,0.3652594,-0.8282132,-0.03326762,0.08017242,0.9190552,0.9643948,-0.3572818,-0.3579608,-0.9951811,-0.3841668,-0.09887373,0.06855619,0.1547729,0.9393113,-0.3422018,0.9359813,-0.6466031,0.7329586,0.3827088,0.2294699,-0.8095675,-0.3337611,0.695677,0.2503967,0.5520246,0.2750013,0.1566197,-0.5921857,0.2104529,0.3365762,-0.2724525,0.1846012,0.3963511,-0.9617844,-0.3458527,0.911272,0.4171912,0.4108841,0.3393712,0.8628354,0.7158723,-0.3994893,0.1689583,0.4651093,-0.521163,0.8386295,-0.5766628,0.4521877,0.5587411,-0.5277472,-0.9659858,0.5661836,0.4038777,0.09395611,-0.06193721,-0.3765436,-0.8714738,0.4755144,0.5445707,0.9311483,0.8716073,-0.302775,6.949902E-05,-0.5908992,-0.6246929,0.2811238,-0.0600754,-0.1200918,0.06485927,0.594718,-0.2192367,-0.6835792,0.3231816,0.7562678,0.3260669,-0.3842584,0.4280231,0.317055,0.1336738,0.6948314,0.5572152,-0.4926852,-0.8947351,0.2821588,-0.792563,-0.1190797,0.3826835,-0.4479839,0.1334859,-0.4038159,0.06230485,-0.6732433,0.4396372,-0.107452,-0.558897,-0.3481997,-0.5195155,0.962208,-0.1527416,0.6540618,0.7975039,-0.7129097,-0.8780329,0.3468613,0.984046,-0.3622674,-0.4991323,0.1596583,-0.9262123,0.07417572,0.03603113,-0.5668101,0.591522,-0.8420007,-0.8145571,-0.8726881,-0.3256449,0.844295,-0.9636903,0.5754695,0.2191497,0.5134277,0.0890733,0.1133534,0.6687269,0.6853023,-0.7386084,-0.3458484,0.6927881,-0.455187,0.5557315,-0.5238528,-0.5091946,-0.5898061,-0.351772,0.7704489,0.9242773,0.0799669,0.642828,0.245936,-0.2875212,0.6849351,0.258837,-0.5346904,-0.4739572,0.9841292,-0.563097,-0.8185441,0.8701904,-0.004804492,0.6207788,0.164776,-0.5504539,-0.3746947,-0.3333706,-0.4030744,-0.7315245,-0.1302289,0.2118953,-0.1864918,-0.6415751,-0.3888463,-0.7088583,-0.6770897,0.5972602,-0.6752625,-0.9615979,0.258336,-0.5684574,-0.9756296,0.01863229,-0.0678345,-0.9224334,-0.2148315,0.4073293,-0.05407822,-0.092188,0.09182274,-0.01091087,0.202253,-0.09028661,0.2412382,0.2892909,0.08706081,0.4179074,0.7347147,0.9556611,-0.6207139,-0.5126617,-0.4536866,-0.4833044,-0.4570316,-0.9550343,-0.03167212,-0.6555562,0.9076946,0.8393772,0.4231815,-0.6610799,-0.9822755,-0.743808,0.62725,-0.9300098,-0.5248539,-0.9728239,-0.4735836,-0.9413073,0.7615519,0.6622884,0.2906825,-0.4579693,0.8610928,0.5376782,0.3155887,-0.044186,-0.8819413,0.005501151,0.7094972,0.4368131,-0.05177438,0.7342782,-0.8816764,0.530884,-0.7379155,0.7026989,-0.7180192,0.5912263,-0.4090523,0.9725516,0.3543765,-0.5765059,0.2009639,-0.9655993,0.1239349,-0.5775056,0.9432187,-0.6155746,-0.5598919,-0.6678765,-0.2183412,-0.6927042,-0.4681929,0.184462,-0.2368919,0.7077878,0.6276531,-0.9599833,0.7542288,0.9645524,-0.8735492,-0.1726574,0.2373511,-0.3994735,-0.1499101,-0.6037285,-0.2860819,-0.8489003,0.464453,-0.8809464,0.2768235,-0.4426152,0.6448755,-0.1302384,-0.06051362,-0.3629688,-0.1519998,0.2653403,0.3394575,-0.6010025,0.5046384,-0.03890526,0.5918756,0.3790319,-0.3929807,0.8670611,0.5578015,0.2625932,0.8102286,0.254332,0.2065934,0.6527503,-0.5486298,-0.8040459,0.95701,0.9123843,0.4694433,0.2548463,0.7776,0.7420731,-0.3339049,0.5696809,0.9451628,-0.5174956,-0.3035787,0.5638723,0.9645574,-0.8589141,0.3436136,-0.3985645,0.5163875,0.7709668,0.6501493,-0.06340802,0.8997324,0.3001399,0.3905601,0.528501,0.6357837,0.9234295,0.5498674,0.5260284,0.6566422,0.1651613,0.1249832,0.81229,-0.6362159,0.5720661,0.915535,0.7362456,-0.4459375,-0.7544844,0.2026325,-0.9707444,-0.4574462,0.9389138,-0.8522358,0.1689211,-0.303347,0.8221633,0.6566448,0.1520711,0.5085196,-0.7333827,0.9284055,0.330049,-0.2326473,-0.9828804,0.7293165,0.197805,0.6971424,0.9801669,-0.6495233,0.6483989,0.705868,-0.7848616,-0.93115,0.8274059,-0.1128572,-0.6862178,0.8274856,0.5461941,-0.8488064,-0.2416435,0.2266694,0.4932799,0.3143418,-0.9351559,-0.1652378,0.1406411,0.8727531,0.9536994,0.6846702,-0.3574935,0.5487285,0.4121647,0.05224049,0.9385459,-0.09441721,0.8267629,-0.2728709,0.6241899,-0.2329983,-0.1383036,-0.6076183,0.3492622,-0.5292907,0.4102442,0.4684202,0.6061769,0.1429387,0.143793,0.3220739,-0.5598536,0.1050123,0.9669626,0.4315381,-0.0217756,0.8607025,0.5572937,-0.7246366,-0.3953298,-0.3184367,-0.7028959,-0.08584082,-0.3929335,0.6845598,-0.011325,0.3885269,-0.2251939,0.02791059,0.3375845,-0.6869326,-0.1337043,0.9123065,-0.9274991,0.4860367,0.4414863,-0.2806829,-0.2586459,0.6668971,0.41801,0.4277811,-0.69538,-0.7144246,-0.2477018,0.8752322,-0.05272901,-0.3491787,0.6741273,-0.90418,-0.1784526,-0.2053863,-0.4594153,-0.6815777,-0.4180349,0.01729023,0.9368019,-0.2460674,-0.5703213,0.4006226,0.3735323,-0.00820148,-0.4815873,0.2832453,-0.2943951,0.362189,-0.5827928,0.5122535,0.1656324,0.8712127,-0.9009938,-0.3562003,-0.1254996,-0.3935312,-0.9558122,0.6860127,0.7112114,-0.3751668,0.6237044,0.09040844,0.05413997,0.9137464,0.540653,-0.4720162,0.6778164,0.1663929,-0.5709143,0.4401223,0.6884968,0.08921587,0.2555875,0.6855075,0.5792248,0.7959054,-0.7187622,-0.9377296,0.5492432,0.06711853,-0.8560643,0.4190411,-0.2838346,0.8884883,0.08938539,-0.1144117,-0.8467102,0.06237018,0.9712443,0.3360908,0.542206,-0.8578947,-0.4612097,0.338942,0.5998173,0.9257159,-0.5640059,0.2703745,0.6556935,-0.5521278,0.4495487,0.01866686,-0.0466789,-0.5078509,0.9373364,0.6597898,0.2997594,0.1532642,-0.7398458,-0.2921113,0.1459409,-0.5454261,0.3965954,-0.6623309,-0.6177814,-0.950557,-0.3349427,0.3364768,0.5775385,0.2049583,-0.3076068,-0.8996325,0.8807046,0.3932843,-0.3271145,0.9060166,-0.9207995,0.8785083,0.5297425,0.7483463,0.8760557,0.07506192,0.6332333,-0.2248675,0.7995546,-0.9882045,-0.6915267,0.6561253,0.8334475,-0.850126,0.1870114,-0.3165566,0.3224735,0.03529656,-0.3877729,-0.6639469,0.5746224,-0.5214441,0.4393296,-0.1446739,-0.4644731,-0.9345245,-0.7536099,0.1552509,-0.411256,0.3675749,0.6506813,0.6085317,-0.8223011,-0.3607017,0.1113147,0.2724926,-0.8426998,-0.9993777,-0.6468875,-0.0221585,-0.2464885,0.1936306,-0.3899318,-0.1696948,-0.0906924,0.6442657,0.08645809,-0.394271,0.1954561,-0.5593867,0.2046055,0.1289445,-0.9171815,0.8033373,0.3658926,-0.5870273,-0.9466755,-0.879256,-0.1640166,-0.9182963,-0.4486467,-0.9980481,0.6203072,-0.04219449,-0.9218633,0.1117121,0.6887195,-0.0314914,-0.4470857,0.5146976,-0.3618661,0.1356322,-0.2578629,-0.2404758,-0.4657682,-0.3951441,-0.4847819,-0.4002663,0.03438962,-0.7161353,0.04734194,-0.3108801,0.2262219,0.6280138,0.1011952,0.247079,-0.8216355,0.5267346,0.04696405,-0.5836225,-0.3745738,0.2082928,-0.7554834,0.6691906,0.4226789,-0.9460297,-0.7461395,-0.8105609,0.1315988,0.6984463,-0.1730417,0.05014074,-0.07780659,-0.01572907,0.7310233,-0.108184,-0.9578111,-0.06519997,0.6640644,-0.02119315,-0.4882261,-0.02769554,-0.7043984,-0.5563891,0.4239933,-0.6248174,0.4869449,-0.7961948,0.872766,0.9011538,0.04319203,0.4556241,0.3809995,-0.5193188,0.8371708,0.7365487,-0.393675,0.2322932,-0.5977912,-0.06165659,0.7602313,0.6075671,-0.5161448,-0.122136,0.9729414,-0.9178464,0.5303073,-0.281619,0.214291,-0.1568326,0.3911783,0.2676968,0.8893518,-0.9570673,-0.981684,0.5978377,0.5555811,-0.7405877,0.8420985,-0.9670212,-0.6157568,0.1166366,-0.4252237,0.1896073,-0.01559293,0.9742818,-0.7746539,-0.9341202,-0.4350926,-0.252544,0.9575496,0.9811637,0.1088496,-0.9504194,0.2139736,-0.1131455,0.8036907,0.2814703,0.3454308,0.003526568,-0.5928466,0.1811279,-0.08095229,0.02825439,0.4576721,0.1544546,0.7012253,0.5917189,0.006564736,0.7646978,0.2042962,0.9378874,0.1180547,0.9904416,0.4554481,0.1896089,0.4798243,-0.6317647,-0.2008859,0.8316369,-0.2750269,0.9167418,0.1710011,0.9324439,-0.8923054,-0.1908623,0.001356006,0.5776095,0.5223644,-0.8111134,0.2318553,-0.1869899,-0.8636632,0.7089021,0.7388015,-0.681468,-0.6335855,-0.09373581,0.2163578,0.1181809,-0.5503359,-0.2543994,0.2201422,-0.06370747,-0.4772462,-0.5309269,-0.2807277,-0.4440576,-0.5771589,0.06992495,-0.7904475,-0.7184844,-0.6741133,0.7277067,-0.2292722,0.9093871,-0.5841479,0.7281673,-0.3410965,-0.9646595,-0.7389266,0.5286009,-0.728956,-0.9888148,0.08389032,-0.1152557,0.286087,0.2706432,-0.7574785,0.8274972,-0.8376334,-0.02677619,0.7535002,-0.3954004,-0.4480146,-0.3116082,0.8175087,-0.9086864,0.5613699,0.5434768,0.9940255,-0.6447637,0.4220988,0.7256958,0.6176999,0.8097789,0.9816272,0.6756706,0.8076959,0.6073327,0.2684924,0.2491986,0.1700822,0.7965016,-0.5119677,0.9992268,0.2164494,0.8681452,-0.6701016,0.7064393,-0.702312,-0.296255,0.2908959,0.304878,0.5688508,-0.713351,0.06615818,-0.2884337,0.4089269,0.5486839,0.3720679,0.6375294,0.04281366,0.05737436,0.7090285,0.2659228,-0.07442153,0.4467423,-0.9953823,-0.5129941,-0.08211744,0.4881625,0.2954681,0.3724575,-0.8122096,-0.6173556,-0.8735693,-0.9436536,-0.8008196,0.01208198,0.1387144,-0.5654466,-0.1112467,0.4506063,0.5155807,0.6096728,0.8824329,-0.6544242,-0.5662162,-0.7173774,-0.07169378,-0.3462692,-0.1107985,-0.8015523,-0.05680096,-0.5028629,0.1038288,0.05454719,0.001077294,-0.4841956,0.3727989,0.4624073,0.9214287,0.3875518,0.6858535,-0.06611931,-0.6177568,-0.177225,0.1979374,-0.414852,0.9744058,-0.9711721,0.6242688,-0.7236757,0.7224209,-0.05960095,-0.3555375,0.6417539,0.3298371,-0.4995362,-0.1394111,-0.2637256,-0.3233422,-0.5544987,0.737035,0.02364719,0.7956359,-0.847744,-0.9514711,0.6972797,-0.8842218,-0.5752068,0.2138478,0.5817859,0.9195921,0.05533969,-0.6413572,0.1352781,-0.4679505,0.5996227,0.1978687,0.2130533,-0.5519695,-0.734256,-0.2082237,0.1346434,-0.9761951,-0.3578585,0.8092501,-0.3043052,-0.5541434,-0.9971395,-0.8223565,-0.09736049,0.2476145,-0.953475,-0.1983436,0.4112272,-0.1047846,0.2620916,0.6782987,0.8931558,-0.2784442,-0.8074725,0.1865269,0.1688689,-0.1336964,0.07432568,-0.09354746,-0.84342,0.7403517,-0.8213234,0.09893715,-0.9113011,0.7884092,-0.5707023,0.6130757,0.6737084,0.9202094,-0.1686856,0.2582526,-0.2849447,0.2854798,-0.9384775,0.5957608,0.2561929,0.8154647,-0.5038815,0.1733907,-0.1298121,-0.01717103,-0.6961205,-0.049739,0.03248084,-0.08375156,-0.7225969,0.3147561,0.7590919,-0.4123193,-0.1403891,-0.5162587,0.7668543,0.2692952,-0.8447661,0.4975414,-0.3119878,0.492917,0.3804004,-0.5729489,0.6263902,-0.3269051,-0.1084794,-0.1781715,0.451765,-0.9119902,-0.04578745,0.6225204,-0.3194078,0.4311461,-0.4511639,0.1849753,-0.5532761,-0.8623357,0.3178982,-0.4002169,-0.01152503,-0.4670569,0.01984012,-0.6132216,-0.4629322,0.09144509,0.4143147,-0.6475127,0.3377812,0.9725227,-0.1435255,0.3996954,0.9767413,-0.752228,-0.2501136,-0.03433836,-0.9882162,0.6750286,-0.5228603,-0.5357947,0.9517229,-0.9377348,0.4000027,-0.3233701,-0.00436914,-0.8123262,-0.6683536,-0.8496158,-0.3423039,-0.4491881,-0.3092784,-0.2357081,-0.7665427,0.3916554,-0.7583311,-0.028422,-0.02491891,-0.4028236,-0.05533254,-0.9495132,0.8831654,0.5600121,0.8095238,-0.3859378,0.40997,-0.7832134,-0.7828827,0.6981416,-0.2242552,-0.7465978,0.7330091,-0.9449437,0.6219361,0.7442091,0.1177109,0.6009545,-0.4255744,0.7342148,-0.8142686,-0.4056302,-0.05658042,0.5231569,0.5816824,-0.7277665,0.4973373,-0.4731029,0.6240768,0.07548106,0.6487243,0.667217,-0.2598945,-0.4523937,-0.1114544,0.6004496,-0.9301076,0.3322148,-0.4027177,0.3554942,0.2509081,0.805357,0.1667711,-0.2189816,0.06675231,0.004471183,0.2784812,0.2153262,-0.6296427,-0.2657331,0.7183173,-0.1734823,0.861557,-0.587955,-0.5337739,0.1702341,-0.06628239,-0.6725934,0.7455595,-0.3545521,-0.178876,-0.8114479,0.4768417,-0.6211727,-0.8484118,-0.8398407,0.5967441,-0.002478242,0.4620633,-0.09830272,0.1881591,-0.3675021,0.5503659,-0.06582463,0.4633336,-0.5486529,0.3593359,0.1945306,-0.8566628,-0.6846154,-0.5123801,0.3128733,-0.3696946,-0.2561392,-0.7537863,-0.08886659,-0.9926205,-0.8943563,0.5098019,0.02819026,0.6507802,0.2742366,0.1404432,-0.8292942,-0.725189,-0.9992623,-0.01694453,-0.2317568,0.7117872,0.2550306,-0.8541629,0.1054431,0.7726798,-0.1763006,0.7014897,0.9191108,-0.2351409,-0.2392501,0.04118359,-0.8884621,0.7560043,-0.7347779,-0.2099873,0.4803476,-0.338468,-0.2066213,0.4144175,0.05488813,0.429877,0.4601364,0.1959969,-0.7560287,-0.7415378,-0.230002,-0.4311081,0.005053878,-0.4499155,0.7159951,0.6112137,0.897603,-0.8212314,-0.2462095,0.4190032,0.8721867,0.3851082,-0.4839238,0.7423034,-0.3353497,-0.06697977,-0.2494141,-0.394492,-0.4662954,-0.4558696,-0.5314095,-0.03678048,-0.6036444,0.7026205,0.7489071,-0.7919152,0.7461464,0.1273695,0.1939577,-0.2244278,-0.4628056,0.7370729,0.6208892,0.4991564,-0.8108015,-0.4804827,0.2296809,-0.2284549,-0.1322707,0.8483744,-0.2637352,0.392657,-0.8392987,-0.732008,-0.003706574,0.6872823,-0.6091113,0.6533148,-0.5848551,0.5409801,-0.9743292,-0.521311,0.2008091,-0.498408,-0.2307402,0.9487195,0.7973208,-0.9413025,0.3122089,-0.9127672,-0.1541451,0.0768832,-0.7766702,0.08812606,0.5127666,-0.6934764,-0.08867776,-0.4001287,-0.4519075,0.4494788,0.3040027,0.4492237,-0.3050095,0.9421649,0.8747823,-0.4488364,-0.577512,0.6600473,-0.1930889,0.04494536,0.6629765,0.8418558,0.5107207,0.2200576,-0.542593,0.490916,0.4604885,-0.03985941,0.09876621,-0.1494671,0.3692047,-0.978456,-0.4372844,0.7292438,0.05796683,0.962719,-0.4219254,-0.4291416,0.5244746,-0.6255159,-0.9648566,-0.5654383,-0.9249313,-0.8846204,-0.157756,-0.3250195,-0.08614838,0.5242884,0.9372158,0.4908268,0.6418552,-0.5138016,-0.9934807,-0.7468657,-0.9791288,0.5098646,0.5404129,-0.04793608,-0.6846781,0.5083368,0.7458832,0.4678874,-0.9644349,-0.4793791,-0.8575609,-0.7289937,-0.3335334,-0.6553626,-0.9886353,-0.32119,-0.7131574,-0.2662009,0.595685,0.9556081,0.7457783,-0.6912174,-0.237867,0.3394048,0.8758769,0.5323217,0.3298461,-0.97138,-0.1687342,-0.4355212,0.6032617,0.3708784,0.8597822,-0.3550221,-0.822907,-0.07617652,0.8438134,0.520416,0.2466313,-0.939338,-0.7067213,0.2719464,0.8009403,-0.04452288,-0.4472255,-0.3984972,-0.6946492,0.8979332,0.6713784,0.03117859,-0.7988513,0.8205116,-0.1596144,-0.09010422,-0.6961815,0.4147281,-0.7390854,-0.8650136,0.9041603,0.7640343,-0.565491,0.4543092,0.9966712,0.3758392,0.8885982,-0.6457694,-0.3528084,0.2695081,0.3848972,0.2416724,-0.6904726,-0.621172,-0.04819071,0.001716971,0.6690631,-0.04187357,-0.4408602,-0.571784,0.7921574,0.161199,-0.4772717,0.3447232,-0.4858373,-0.02712882,-0.1539019,0.9542656,0.4031348,-0.6477377,-0.1331033,0.01554692,-0.9433236,-0.4322649,-0.8248174,0.4396863,0.4798841,-0.9246027,0.3251552,-0.3952712,0.6584299,0.3526442,-0.2375971,0.5368557,-0.0678612,-0.8573761,0.8069842,-0.4467894,0.3270168,-0.3230413,0.03364503,-0.9582291,0.317491,-0.9309003,0.5358441,0.1185693,-0.9659615,-0.6137919,0.8115335,-0.1160399,0.4497759,0.4035439,-0.9596128,0.6147549,-0.7419381,-0.0190655,-0.8703041,0.2812679,0.03180444,0.8962452,-0.9384003,0.6326671,0.9041491,-0.598594,-0.346682,0.8016503,-0.2799102,-0.997808,0.4696133,0.4711902,0.9950316,-0.9402444,-0.1426114,0.2309133,0.7607234,0.471961,-0.6867914,-0.01625288,-0.3241516,-0.8699732,0.2499498,0.4163935,0.1652595,-0.4578751,0.3205886,0.3011815,0.4288323,-0.912518,0.6524355,0.001419663,0.08279812,0.02335942,-0.7290597,0.4717462,-0.2225555,-0.4707333,-0.6160996,-0.7370071,0.04790175,0.3289861,0.290786,0.6387229,0.2692828,0.8023562,0.6567128,0.7522745,-0.110217,0.3738272,-0.2018036,0.9753938,0.008504748,0.1967918,0.908814,-0.1477803,-0.6148984,0.9492459,-0.4644865,-0.8810599,-0.193467,-0.8963232,0.003481984,-0.938221,0.004388213,-0.2211045,-0.4201792,-0.4327394,0.5669839,0.2427579,0.4951186,0.3483247,-0.9364927,0.8017445,-0.1783897,-0.4867889,0.4196953,0.5813651,0.7443507,-0.2641922,-0.5287538,-0.6331763,0.6205895,0.2796864,-0.3324159,0.02044308,-0.167178,0.6529758,0.1265401,0.1867779,-0.4642531,0.8894117,0.2600205,-0.1025795,-0.4416288,0.9176931,-0.4762203,-0.9204557,-0.9896965,0.6934166,0.4953432,-0.5464056,0.2413744,-0.5698156,0.1093236,-0.7286699,-0.07724869,-0.8524573,-0.3378128,-0.897604,-0.0773958,-0.1353616,-0.5594764,0.2041157,-0.8212976,0.03586209,0.2065021,-0.2931267,0.5915816,0.001329541,0.632726,0.4666717,0.2867191,-0.4923567,-0.05152428,0.2539551,0.5898864,-0.8336034,0.6284831,0.1143318,0.4043073,0.01681507,-0.655237,-0.286378,-0.8163199,0.1858655,-0.8089659,-0.9499338,-0.1920077,0.912394,0.9017735,-0.5329909,0.7265334,-0.4207472,-0.4474677,-0.8683906,0.4087865,0.5520732,0.2943568,-0.07765043,0.951138,-0.4445175,-0.3391441,-0.8059299,0.113149,-0.2604595,0.4651868,-0.5421972,-0.1957358,0.4711258,0.4985151,0.03763187,-0.3361069,0.4575009,0.4929375,-0.2490133,0.1465701,-0.1748945,0.5412703,-0.292291,0.5118196,0.4916832,-0.07275593,0.6348932,0.002070308,0.5910568,-0.4897965,-0.4876148,-0.6491256,0.9484663,-0.5238895,0.649858,-0.6467969,0.9386952,0.006102681,0.1651367,0.5990803,-0.1857661,0.4422776,-0.4476827,0.2185694,-0.8593788,0.02565348,-0.7929683,0.14618,0.5915534,0.7577791,0.1586972,-0.2818283,0.5262058,0.880548,-0.919831,-0.4378828,-0.0537113,0.4111657,-0.9757726,-0.1986033,0.053491,0.2767591,0.7549753,-0.5265167,-0.9742451,-0.9041228,0.3603573,0.8411262,0.1800667,-0.711998,-0.3670286,0.4778099,0.7072268,0.08255184,-0.8009186,-0.5130985,0.2831101,0.5840044,-0.8248165,-0.4690076,-0.2805644,0.6575935,-0.7868454,-0.8903196,0.3145787,-0.3529416,0.02987921,-0.8466203,-0.6288369,0.5458224,0.9338858,0.1141666,0.01584351,0.8027549,0.3381426,0.1847941,-0.7308114,0.2825269,0.4026611,-0.279379,-0.5397673,-0.2132894,-0.09546244,-0.8975296,-0.1420728,0.5457194,0.2368702,-0.3311459,0.115327,0.3924768,-0.496297,-0.185486,0.01900756,-0.1928681,-0.6313205,-0.2500724,0.1400887,0.6847985,-0.2649812,-0.2708472,-0.4677573,0.5130768,-0.6043315,-0.2030762,0.4408738,0.5047865,0.2350503,0.4424598,-0.3411142,-0.3794287,0.8692038,0.408448,0.7661788,0.1193992,0.3306873,0.3345532,-0.6284163,-0.6579108,-0.7105722,0.6403069,-0.1748036,0.904006,-0.5546737,0.187795,0.9427147,0.2248267,-0.1918041,0.30301,-0.874753,0.3402593,-0.307283,0.3479016,-0.429485,0.9417942,-0.7922578,0.261719,-0.8529112,0.4551654,0.6412194,-0.5923486,0.3297512,-0.2168394,0.5438828,-0.9878039,-0.02497208,0.02866781,-0.7287023,-0.1606823,0.6953292,-0.5667222,-0.1395944,0.4708514,0.2409164,0.485631,-0.7929924,-0.8096247,-0.4504324,-0.01159632,0.4122114,0.98224,-0.3071505,-0.652482,0.6542273,-0.4649791,0.6767774,-0.7666984,0.3815999,0.4979956,0.7259212,0.877347,0.373451,-0.7304487,0.5251355,0.1003321,-0.4761962,0.5545292,-0.01834905,-0.6323905,-0.8040826,0.1375154,-0.2523082,-0.1384162,-0.5199487,-0.0820986,-0.06393015,-0.2847239,0.4519577,-0.6993179,-0.5678663,0.1292139,-0.571995,0.7300239,-0.6887467,-0.8040521,-0.06805122,-0.4284455,-0.6920867,-0.239623,0.6543114,0.6279039,-0.5715659,0.3923602,-0.695462,-0.3074197,-0.5737014,0.6103764,-0.259509,0.991858,-0.7852204,0.615443,-0.6917989,-0.3789064,0.9843507,0.9008849,-0.9794312,0.02038181,-0.2114185,-0.06695187,0.5453641,-0.9307482,0.3456723,-0.8234398,-0.6784487,0.4520533,0.9086833,-0.3747553,-0.5647526,0.1576582,0.2128178,-0.3656982,-0.5337241,0.6520517,-0.3218354,0.9474452,-0.07944858,0.2468752,0.849478,-0.1637985,-0.3816432,-0.6159472,0.750596,-0.4841143,-0.188008,0.183745,-0.9375939,-0.1203593,-0.1675276,0.7123499,-0.3327976,-0.4846212,-0.6578043,-0.02070224,0.9722049,0.7512262,-0.2330798,-0.3054339,-0.3958117,0.1056567,-0.8972001,0.04665744,-0.3106369,0.2772569,-0.8100939,-0.9840925,-0.7039952,-0.203564,-0.6629286,0.5655739,0.9178565,-0.8388314,-0.4237465,-0.4100162,-0.3086551,-0.448625,0.3554494,0.0625006,0.8684077,-0.8135321,0.09490597,0.3166346,-0.5185723,-0.01659334,-0.1697425,0.543581,0.6455054,0.6965365,0.7504401,0.4582162,0.5032444,-0.7026412,-0.001666427,0.6504328,0.7646449,-0.3322116,0.06716907,0.9688609,-0.03157628,-0.6348169,0.4259968,0.07231772,-0.7418671,0.9914618,-0.2147981,0.6705983,0.3651495,0.7758489,0.4402504,-0.3240632,-0.3841583,-0.8202939,-0.3687357,0.9754865,-0.226611,-0.6077855,-0.2816478,0.2718606,-0.1492692,-0.2041379,-0.6293955,-0.4922909,0.07604039,-0.4322377,0.1900634,-0.1251332,0.278768,-0.4106289,0.06851494,-0.8616583,-0.8236897,0.09401238,0.2632212,-0.08002341,-0.1534389,0.2611179,-0.1546155,-0.5247815,0.6467972,-0.7651224,-0.2611886,0.6271114,-0.1421701,0.3092792,0.2509482,0.6315024,0.1091393,0.5607448,-0.6311529,0.8142908,0.3411696,-0.2695647,-0.5863335,-0.04205787,0.814507,0.1605941,-0.3217658,0.3449022,0.6378071,0.219026,0.2352113,-0.1039506,0.3026797,0.3452336,0.8781371,-0.7752948,0.7632833,0.8156469,0.9189439,-0.2780069,0.583626,0.2019249,-0.7112336,-0.01124084,-0.8104215,-0.3538049,0.09869707,-0.4896542,0.1243626,0.7383215,-0.4041847,-0.5394084,0.5004909,-0.9621446,0.7321115,0.6289341,0.9476349,-0.2357651,-0.8848259,-0.5024414,-0.1982273,0.6097927,-0.9039402,0.7604122,0.7376521,-0.5496361,-0.9753623,-0.7929783,-0.1431133,0.8764582,0.9961441,0.4184451,-0.4097849,-0.4921201,-0.02836716,0.06146467,0.1188997,-0.6406839,-0.08137882,-0.533318,-0.6783211,-0.4012736,-0.5096662,-0.9884326,-0.2330781,0.1131076,-0.6426468,-0.169459,0.8952539,0.7326615,0.919493,0.3567187,0.5560558,-0.9301496,0.9269547,-0.8571322,0.5959525,-0.1331462,0.8828154,0.7103808,0.3318987,0.3267891,-0.5580516,0.5136912,0.02238786,-0.1960782,0.6785698,0.1476187,-0.3697318,-0.2469355,0.08058512,-0.07564199,0.459471,0.8017645,-0.4998349,0.4015736,0.7872245,-0.1481608,0.9069557,-0.814122,0.2876417,0.8151383,0.9373505,0.2230235,-0.4220098,0.7837191,0.1439465,-0.4424115,0.341546,-0.6670692,0.6689525,0.750124,-0.2367214,0.7356198,0.05922592,0.8528237,-0.6972678,-0.8870273,0.7226555,-0.08338463,0.5963984,0.9579165,-0.632417,-0.06578529,-0.8394289,-0.5076818,-0.8363826,0.6757026,0.4396758,0.6734428,-0.9516945,-0.06872451,0.746165,0.4456708,-0.6535861,0.7093427,-0.3105661,0.8516328,-0.2057053,-0.1866332,-0.801908,0.6090918,0.02264893,0.2371403,0.1350497,0.3146748,-0.3492976,-0.7301078,-0.09084976,0.7792089,-0.08293498,-0.6874776,0.4883578,-0.8289003,0.8902862,0.1645404,0.696063,0.7821348,-0.8926165,-0.5932934,-0.002250552,0.7455485,-0.06409013,-0.06202161,0.9005389,0.4969756,-0.2384049,0.2503609,0.3469476,0.3180511,-0.4144851,-0.6987867,0.7819707,0.3792724,-0.07353556,0.5949829,-0.4639443,0.09404314,-0.4819678,0.9993987,0.9305992,0.9000223,-0.04469073,0.04291213,-0.7529898,-0.8396614,0.5174584,0.4779319,-0.9060383,-0.3244494,-0.6178348,-0.2658309,-0.9431627,-0.4920133,0.03752935,-0.13565,0.1439899,0.676321,0.2008482,-0.2077714,-0.7348747,0.6276634,0.1701471,0.6811969,-0.861563,0.5589697,0.1160661,-0.5608833,0.3676898,-0.4722077,0.9003773,0.6671946,0.4838659,0.7732666,0.7932768,0.0555805,0.5279698,0.7533736,-0.07951486,0.3712763,0.6975031,-0.3677284,-0.7003512,-0.3467482,0.8057086,0.5613937,-0.8723691,0.6363726,0.4224863,-0.7326152,0.1822416,0.0189265,-0.4571091,-0.3299876,-0.7647381,-0.07969105,0.4585173,0.7711046,-0.8688715,0.644182,-0.7084589,-0.4301933,0.2104646,0.3648612,-0.6198742,-0.3811992,-0.9307621,0.01131666,0.916517,0.6755512,0.1579064,0.7097983,-0.6362913,-0.1620783,0.268857,-0.1496052,0.649056,-0.6325853,0.958539,0.672255,-0.5835876,0.5998743,0.5323408,0.7519119,0.2893138,-0.8355441,0.5787458,-0.1865851,-0.9212081,-0.4507068,0.864259,-0.8754334,-0.2917522,0.5722136,-0.8970885,0.5870867,0.3913283,0.2846861,0.87131,-0.3025106,0.6724813,0.8504295,-0.3124696,0.4961559,0.1020468,-0.9910102,-0.6521354,-0.4313291,0.2411636,-0.309029,0.3705992,0.3985462,-0.3896738,0.5963938,-0.7597959,-0.3328606,-0.002709985,0.7383049,-0.08610952,0.8781734,0.08650386,0.4875858,0.842134,-0.9632773,0.732749,0.3342514,0.5609386,0.7223709,0.7305868,0.02547634,-0.7055693,-0.8539906,-0.9288557,-0.9801006,0.922683,-0.6353254,0.3772711,-0.2728788,0.9749196,0.4244153,0.8026149,-0.006312013,-0.8887854,0.2632343,-0.854161,0.5862577,-0.269272,0.9328732,-0.8009241,0.5639966,-0.3728379,0.4027033,0.9807329,0.8946438,0.2378007,-0.6165504,-0.5776875,-0.3730656,0.3237028,0.7718842,0.9769483,0.4187317,0.3172092,-0.1393889,-0.7602429,-0.7213242,-0.5999899,-0.9134283,0.8281074,-0.3900751,0.6864502,0.2427236,-0.9959288,0.4165594,-0.7782426,-0.5085754,-0.3356928,0.8353159,0.4841344,0.5091252,0.3841431,-0.8093593,0.2270817,-0.2451507,-0.8927662,0.9263084,0.7934179,0.9745119,-0.3101574,-0.3772255,-0.6708112,0.02933204,-0.3852531,0.2377306,-0.2765247,0.6706474,0.004389644,-0.409479,-0.8499629,0.7710178,0.4246463,0.04321873,0.8387415,-0.460435,0.7607334,0.4350013,0.4437978,0.9960999,0.04284012,-0.9934437,0.5707603,0.117092,0.7233682,-0.9038785,0.2083069,-0.2583348,-0.885927,0.4469328,-0.6942661,0.593456,-0.03890407,-0.1121823,0.7955928,0.2468342,-0.5591609,0.6451671,-0.7348483,-0.8419802,0.7834136,0.7344732,-0.8618855,-0.2363654,-0.5527565,0.8236899,0.1433383,-0.684361,0.07545459,0.7745502,0.2449292,-0.3284625,-0.7008913,0.9781811,-0.01883996,0.742722,0.5365255,-0.7135708,0.1090122,0.9656069,0.6595614,0.03975236,0.4610002,-0.9021173,0.5812054,-0.5038409,0.4004597,0.2167684,-0.6764882,-0.5946739,0.7974172,0.3232498,-0.7265804,-0.8065135,0.3640639,0.1225187,-0.1882693,0.4556837,-0.3706681,0.2679569,0.07614315,0.7374084,-0.3958513,0.4900319,0.6885154,0.5596762,0.5141635,0.9287007,-0.4607509,0.7495003,-0.9570103,-0.1315373,0.0433141,-0.6868498,-0.1389555,-0.5208256,-0.2928423,-0.9808986,-0.09310067,0.2538211,-0.8069441,-0.4202222,-0.3361114,-0.5370598,0.3829539,-0.7214844,0.957767,0.568563,-0.6845713,0.3827595,0.1609622,0.7560055,0.6213453,-0.5537369,0.9272382,0.1470262,-0.5224638,0.7254841,0.02392757,0.5854456,-0.9821167,-0.7503021,-0.846406,0.4047427,0.4602062,0.05043566,-0.653816,-0.9722161,-0.976753,0.3590114,0.7261453,-0.8094668,0.127911,-0.6555293,-0.06066453,0.8855252,-0.8327219,-0.3029047,0.3007993,-0.5708916,-0.2486523,-0.2672449,0.6428349,0.03802955,-0.6042485,0.6813323,0.941992,0.1172076,0.03424609,-0.5613058,-0.2547177,-0.1513933,-0.771987,0.73543,-0.3403119,-0.8025334,0.5737302,-0.1780251,-0.009425759,-0.7093389,0.6652827,-0.7487411,-0.367601,-0.6846561,0.9566298,-0.6326811,0.02854788,-0.8157837,0.0566138,-0.2227484,-0.5477169,0.2094423,0.08125842,0.3308837,-0.72789,-0.2662653,0.1675848,-0.5039244,0.477309,0.7022519,0.03881443,0.1337651,-0.6723549,-0.1576961,-0.1568595,-0.4527057,0.3147199,0.1538442,-0.07536924,0.2001148,0.06059515,-0.2100295,0.9510257,-0.9332728,-0.9887812,0.8039224,-0.06299388,0.1259154,0.2171825,-0.1443342,-0.03242004,0.2378305,0.652179,0.3290214,0.172156,0.4742913,-0.2810925,-0.8234293,0.3202953,0.390347,-0.6329472,-0.4733149,-0.5732331,0.6831782,0.6310208,0.858381,-0.02154315,-0.08467853,-0.9189935,-0.2661151,0.4051563,0.7731469,-0.9140368,0.5419476,-0.1816927,-0.7360642,-0.1701902,0.01570904,-0.3713614,-0.6336937,0.9964802,0.8843112,-0.3015262,0.5040076,-0.0170666,0.6047699,-0.2196256,-0.858536,0.1109716,-0.7490199,0.6091092,0.4207434,0.3709478,0.7711186,-0.9734328,0.05219662,0.9067311,0.3815181,-0.8063903,0.458869,0.9310594,-0.9025648,-0.1462229,-0.4132794,-0.9044113,-0.6431422,0.7364187,0.6057267,-0.3008431,0.03592932,0.1609324,0.5707772,-0.1162668,-0.4808723,-0.5561402,0.1454841,0.5489047,-0.7432458,-0.3073121,0.4495542,0.1502732,0.3018195,-0.3766373,0.7292416,-0.006856084,-0.4128627,-0.2496065,0.7217476,-0.4587034,-0.9170642,-0.2679516,0.9752195,-0.4290713,-0.3175298,0.03177774,0.1350626,-0.8040845,0.982305,-0.8519115,0.8948402,-0.1703206,-0.6963565,-0.2965463,-0.8916621,0.7369242,-0.8817992,-0.5765662,0.4073076,-0.5381172,-0.2295753,-0.1274678,-0.984159,0.4220943,0.6655233,0.7702091,-0.3115286,0.1231662,0.1135412,0.8434937,-0.6332359,-0.5316811,0.6685722,0.4675255,-0.07246149,0.2329489,0.7426472,0.1878322,-0.04961932,-0.6141198,0.6763687,-0.7314126,-0.9443746,-0.1918257,-0.7315142,0.2462376,0.4734165,0.8678555,0.2922673,0.7805743,0.3553192,0.7659194,0.6771066,-0.16351,-0.3763701,0.5424864,-0.86549,-0.3826765,-0.4077517,0.3554322,-0.3059729,-0.5544868,0.9736302,0.5771232,0.2955906,-0.6140938,-0.01116955,0.55516,0.4892599,0.8350046,-0.2000006,0.7675104,0.7079132,-0.3675541,-0.07218945,-0.844255,-0.9575233,0.6999362,0.8497956,0.1703435,-0.2434498,-0.005990148,-0.727973,0.003150821,-0.661159,-0.09903872,-0.4183298,-0.6615024,-0.9458976,-0.7117603,-0.3193609,0.3349225,-0.8672755,-0.8569093,0.4112551,-0.4623648,-0.8113577,-0.6038668,-0.6980302,-0.4425999,0.2048758,-0.8752985,-0.5397012,-0.5293598,0.8714237,-0.05382693,0.4853129,-0.05079091,0.5864711,0.5325112,0.04352772,-0.7097533,0.7010803,-0.9568176,-0.4412826,-0.7359178,-0.6035907,0.1338125,-0.6428509,0.9653118,-0.8866956,-0.6167402,-0.605468,-0.9360328,-0.5507383,-0.8631089,0.5323675,0.5313549,0.5927336,0.8085468,-0.2699586,-0.3594543,0.997297,-0.8885128,0.3985033,0.636111,-0.6294811,-0.2999874,-0.6326311,0.01114666,-0.8505583,0.3217599,0.9575293,-0.6311555,-0.4812871,-0.9067104,-0.6981502,-0.01973855,0.5170536,-0.4057022,-0.3847862,0.7482331,-0.2413105,0.7133653,-0.5006518,-0.6320856,0.3233673,0.3039362,-0.8722587,-0.7086549,-0.5510643,0.7895305,-0.8504894,-0.4661673,0.1900743,0.9161489,0.1641756,0.01189387,0.9850538,0.9238346,0.5738854,0.02893412,0.1492244,0.306206,-0.4095901,-0.3284947,0.8654432,-0.4691366,0.8887918,0.2019879,0.7211916,-0.08747637,-0.8224683,-0.5876477,0.4281711,-0.4632081,0.8453364,0.862386,0.8453574,0.458903,-0.4526762,-0.6736727,-0.736073,-0.5337603,-0.6781793,0.7661357,-0.4196934,-0.3795937,-0.9163282,-0.8124402,0.1624376,-0.8172212,0.9723673,-0.4615573,0.3978612,-0.7344575,0.6400881,-0.7913084,0.1831614,-0.5303507,0.5573628,0.4860041,-0.3751796,-0.4068948,-0.2370826,-0.5103397,0.1019095,-0.3903116,0.5770135,0.8791268,0.9502199,0.9816308,-0.8443801,0.03447831,0.4009394,0.1217278,0.4904358,0.8606684,-0.5572691,0.8449407,-0.1819707,0.55655,0.8244805,-0.6767859,0.6752269,0.3163504,-0.1489111,0.5529885,0.5196798,0.05364406,-0.5615528,0.5528767,0.549222,-0.08892977,0.572196,0.7146661,-0.1584164,0.3443412,-0.4634553,0.7554874,-0.03509247,-0.8336208,0.8373573,0.5917621,-0.75875,0.5361888,0.813081,-0.5208228,0.6701794,0.250616,0.4391803,-0.9721684,-0.9411311,0.04656994,0.3729086,-0.8855097,-0.6301885,0.7865946,-0.8215773,-0.06526816,0.5365071,0.5821795,0.8635414,-0.1554974,0.4922206,0.5357747,-0.2614297,-0.8964334,0.3472128,0.1764883,-0.5086625,0.8124127,-0.943599,-0.20375,0.5708797,-0.2034324,0.5003359,0.5138543,-0.1156834,0.1428281,-0.1262161,0.6502831,-0.8626838,0.5667307,0.7963822,0.7661304,-0.08120406,-0.6124744,0.2120341,0.5316923,0.9366565,-0.1092681,0.912338,0.004333377,0.1818789,-0.1007899,-0.977927,-0.5980141,-0.5564892,0.09271896,-0.6728973,0.6335347,-0.3101465,-0.6925504,0.6678038,-0.5593305,-0.3370067,-0.9416473,-0.8077917,0.8218346,0.1717023,0.2634346,-0.04995525,-0.0699178,-0.1153198,-0.9916513,-0.2207843,0.359353,0.2177624,-0.680079,-0.4340786,-0.2826248,-0.1930701,-0.6693604,0.8919909,0.9337847,0.3441987,0.9279306,-0.356901,-0.4757248,0.7846482,-0.1625899,0.8607831,-0.0780133,0.3519363,-0.6190276,0.3553087,-0.9576969,0.1746441,-0.01465333,-0.6402154,0.6525266,0.9960842,0.1835412,0.1281084,-0.1648027,-0.1889309,0.2959242,0.5616918,0.2466046,-0.8097291,-0.2055656,0.2318405,-0.2986218,-0.7575321,-0.4734312,0.6542153,-0.6702821,-0.3297995,-0.3667096,0.9234071,0.4465205,0.4292266,0.7320514,-0.2939912,0.01783478,0.02120626,0.8569305,0.4263925,-0.8095934,-0.07898057,0.8425939,0.7142808,-0.9676847,-0.2100407,0.3221178,-0.4162525,0.5769827,0.65994,0.2583182,-0.1957952,0.4818582,-0.8162558,-0.7186201,0.3082475,-0.8895447,0.3746247,0.4054908,0.6612632,0.1770979,-0.1496228,0.6679654,-0.3891078,0.3311805,-0.5054679,0.7049277,-0.24748,0.2053446,-0.6565173,-0.7072413,-0.07442415,0.3602457,-0.2535547,0.3262167,-0.6159267,0.2062515,0.1795617,0.1493143,0.3588562,0.9587786,-0.7022502,-0.3934451,-0.5517101,0.7811053,0.4568736,-0.616046,0.6784461,-0.975281,0.6698761,0.9138079,-0.3838748,0.1817418,-0.6703305,0.5680685,0.5259988,0.4626209,0.002433658,0.5094817,-0.3321999,0.3141217,0.9087784,-0.8632452,-0.1504477,0.02754271,-0.4035777,-0.4488934,0.7167876,0.9587412,-0.3780802,-0.2788519,0.1522177,0.7409837,0.6429353,0.989311,-0.7008333,0.4059839,-0.394147,0.3447244,0.155564,0.9388688,-0.6162488,0.2268668,-0.9747343,0.7599359,0.9037988,-0.1587547,-0.4054455,-0.8423619,-0.4027725,-0.8378921,-0.8605959,0.2537389,0.4491782,-0.854764,-0.4049171,0.08001745,-0.1923302,-0.1038221,0.6939073,0.2074102,-0.9743102,-0.5258255,-0.2447516,0.4424915,0.8192942,-0.2824818,0.121869,-0.7433734,0.3138487,-0.4831067,-0.4784805,0.2410923,0.3794858,-0.9623239,0.4240889,0.7897172,-0.03629887,-0.41,-0.08231223,-0.494202,0.7438965,0.3293497,-0.461713,-0.8497677,-0.4410356,-0.6916416,0.05739224,0.6658924,0.9111187,0.2147516,0.01835239,0.6785946,0.07875597,-0.3129419,-0.6469357,0.6459236,0.05298841,-0.1800698,-0.7743821,-0.4438778,0.4883556,-0.5901799,-0.6720972,-0.7119009,-0.4091386,-0.5820019,0.6362038,0.2881648,-0.8832219,0.5926857,0.4606945,-0.6561806,-0.6565256,-0.4158019,-0.7260106,0.2347308,-0.7225044,-0.5453885,0.4926085,-0.7446537,0.4130275,-0.5248191,0.5413635,-0.8355393,0.8375869,0.1146127,-0.5512333,-0.192994,-0.3322612,-0.8817263,0.260272,-0.3363382,0.9269073,0.08088863,0.3485117,-0.8955307,0.1964701,-0.9182675,0.4885392,0.7275875,-0.7982986,0.0522927,-0.99666,-0.7262106,-0.815877,-0.2175881,-0.5350344,0.1914927,0.7138865,0.4196684,-0.2269624,0.7144339,0.9054611,-0.4927651,-0.4459873,-0.989959,-0.05220282,0.5639617,0.2101794,0.4825682,-0.2965745,0.8334303,0.02115762,0.03611124,-0.6927333,0.1791159,-0.9919941,-0.1443294,-0.3407499,0.3317723,0.2174827,0.4359703,0.8804774,-0.8288481,-0.4862465,0.8846829,0.5704119,-0.829567,-0.8199537,0.4173007,-0.4020194,0.2020329,0.684195,0.2417458,0.6204398,-0.8486371,0.07042706,0.3583748,0.5431855,0.2490937,0.4802079,-0.3980964,0.2945163,-0.3067626,0.1128789,-0.1554898,0.9536684,-0.02215183,-0.5158498,-0.6711242,0.9079912,-0.09233582,-0.006988883,-0.2498113,0.9328606,0.9369738,0.9027662,-0.9478076,-0.04048741,-0.4006118,0.81373,0.3376007,-0.5588863,0.6589847,-0.9557254,-0.4117893,-0.1263438,0.7452326,0.6396146,0.4175875,0.3979547,0.3148272,-0.01801026,0.990258,0.3544247,-0.9313548,0.5714388,0.3908031,0.1197006,0.8764536,-0.7503583,0.7025185,-0.9196281,0.1169626,-0.4564332,0.7503316,0.8221407,0.5126512,-0.3276957,0.2363781,0.6269593,0.4665591,-0.6169374,-0.5944853,-0.03243983,0.1921099,0.07228768,-0.2267789,0.8646815,-0.1063811,0.347218,0.7527173,0.6600866,-0.2992159,-0.5864205,0.7024906,-0.6157844,0.2658076,-0.2499126,-0.5408363,-0.6840231,-0.7405002,0.4183769,-0.3872372,0.7414031,0.4781251,0.730695,-0.2036246,0.4103164,-0.4202434,0.6032829,0.9526262,0.9844663,0.3305816,-0.4240967,0.3345048,0.007191777,-0.02015579,0.3325154,0.649776,0.5488641,-0.8247576,0.3422289,0.69186,0.08916914,-0.9787087,0.3806872,-0.8481159,0.7018683,0.4593146,0.1083099,-0.2603675,-0.6520877,-0.1791738,-0.4354302,0.8506069,0.1726056,0.8230755,-0.2421957,0.8329287,-0.2259308,0.1655468,-0.3693568,-0.5613437,-0.04311812,0.1662551,0.07163703,-0.5528765,0.3292467,0.4226234,0.4684794,0.2574038,-0.02073991,-0.9288645,0.4748499,-0.7505074,0.07829869,0.7043512,0.6119537,0.4049463,0.07809198,0.001699567,-0.4143652,-0.9905376,-0.2358176,0.2368087,-0.321823,0.7022099,-0.7877717,0.7606928,0.3484266,-0.3944026,-0.7762196,0.7248542,-0.165563,0.9196193,0.3566408,0.03028691,-0.3782247,0.6483138,-0.5706,-0.8965936,0.9524729,0.6211162,-0.6450293,0.5608661,0.5057194,-0.687387,-0.653002,0.4743838,-0.5980091,0.9207935,-0.8849704,-0.120309,-0.8989923,-0.5742877,0.05835593,0.4514835,-0.3211857,0.9966457,-0.5779486,-0.690449,-0.1951288,-0.5196152,0.6484382,0.09802639,-0.3675693,0.83125,0.6369615,0.3430762,0.2347716,-0.9867744,0.2373937,-0.388801,0.6414797,0.04716933,-0.2536694,-0.686902,-0.05276692,0.3736386,-0.389357,-0.7387009,0.2389234,-0.6151288,-0.7013519,-0.7359884,-0.1465369,0.6947672,-0.7516818,0.7223876,0.7963006,0.7086623,-0.7731886,-0.4871708,0.2401205,0.6322019,-0.8687849,-0.5997674,0.2955823,0.09678829,0.9571443,-0.03180754,-0.4136585,-0.9334595,0.3779423,0.175311,-0.5419281,-0.3744696,-0.5349565,0.8782754,0.829824,-0.8369322,0.462408,-0.5755732,0.2916789,-0.2721225,0.3632199,0.01078355,-0.3610388,-0.3014542,-0.4410945,-0.1287657,0.09106004,-0.6604254,-0.7230825,0.1662346,-0.9799504,-0.9837348,-0.01786625,-0.3737978,0.57007,0.8090904,0.1603774,0.3272745,-0.6449873,-0.5815144,0.5581381,0.3519787,-0.4715091,-0.9989605,-0.06617367,-0.5125008,0.8061996,0.3571944,-0.5579615,-0.6419499,-0.7278302,-0.7464678,0.2545044,0.05823338,0.2938461,0.6683152,-0.5003426,-0.2642657,0.9697912,0.7341385,-0.1284512,-0.5710835,-0.4147135,-0.189015,0.9232979,0.6576183,0.2083188,0.05104554,-0.9151547,0.05405819,-0.3279833,-0.1952399,-0.8537912,-0.8867075,-0.7426777,-0.1051568,0.526824,0.9533443,0.493313,-0.6065204,0.3911833,0.4659819,0.7032347,-0.548183,-0.8469996,-0.8763783,0.3795697,-0.03182352,0.5610664,-0.6084969,0.510251,-0.529582,-0.01111734,-0.2074853,-0.2455133,-0.3176202,-0.8541381,-0.430148,0.1541282,-0.6986804,0.5196934,0.529732,0.4216907,0.2727234,-0.02508628,-0.5113385,-0.6197641,0.3081031,-0.7309036,-0.6796074,-0.8257482,-0.345925,0.9786396,0.6121824,-0.8642592,0.1461614,-0.6305337,0.5769694,0.1244847,-0.8426957,-0.4817077,0.4186206,-0.5825062,-0.5077717,-0.3540651,0.07006514,0.08330858,-0.3592793,-0.04345644,-0.3778926,-0.6401994,0.8227551,0.5687923,0.9420853,-0.1920317,-0.1940733,-0.2404774,-0.232679,-0.6059921,-0.8705654,-0.512301,-0.5312252,-0.3987964,0.908916,-0.07669699,-0.3075072,-0.8481686,-0.7771103,0.171398,-0.5546901,-0.4731623,-0.3994678,0.4280936,-0.7676821,0.03544247,0.5794981,0.8454292,0.8570542,0.3977978,-0.9334068,0.4212644,0.7073314,-0.43774,0.5974469,0.1772503,0.6568303,-0.8087811,0.4460711,-0.1428679,-0.7355955,0.738981,-0.6951511,-0.7549412,-0.01954067,-0.4533488,-0.3461128,0.04303157,0.3665542,-0.8691361,-0.4921423,0.5883982,0.6536088,0.7754118,0.1315662,0.3418815,-0.1384863,-0.09819329,-0.9628382,-0.4090556,0.1804205,-0.9427948,-0.02842438,0.8523946,-0.6932397,-0.5349669,0.05296409,0.7952483,-0.4391273,0.4994576,-0.5579319,0.9403691,-0.8683677,-0.8263724,-0.3945075,0.9826181,-0.7474804,-0.9623494,0.282315,0.457011,-0.5930693,-0.2917849,0.7745335,0.08330739,-0.1535217,0.9052689,-0.537029,0.3645997,-0.8805153,-0.9104254,-0.2801417,-0.6423039,0.9372115,0.7676415,0.9418247,0.990927,0.1184021,-0.4602944,-0.291243,0.5439816,-0.7711961,0.8755543,-0.8025041,0.1125296,-0.6484821,0.6466403,-0.3370165,0.2573254,0.6924276,0.8475702,-0.9982064,0.2308141,0.1357282,-0.7320893,-0.02692783,-0.2320715,-0.1320652,-0.3434368,-0.0819689,-0.3578326,0.8386092,-0.1369361,0.4124865,0.8709769,0.9622676,0.4596402,0.8607564,-0.7329876,0.3064885,-0.1015223,-0.81547,-0.7787809,-0.6702256,-0.0003291368,-0.08669388,-0.7866347,0.1229888,0.6577556,0.282429,-0.06774771,-0.8405175,-0.9396663,-0.1935982,-0.1336821,0.8711596,-0.6807699,-0.1080371,-0.143186,-0.6339223,-0.1433338,0.7904382,0.7189324,0.478112,0.8680582,0.03277528,-0.1472481,0.5477731,0.7112029,-0.05608761,0.6976206,0.6807067,0.1565524,-0.8132696,-0.8817923,-0.7507396,0.5973866,0.1324178,0.402678,0.9952672,-0.1014587,-0.7938685,0.2698595,-0.6451657,0.07054245,-0.2390994,0.8128045,0.5682116,0.5507355,0.1402394,-0.7520008,-0.07022274,0.9262698,0.8337364,-0.4191624,-0.2925273,0.7847333,0.1113979,-0.07409704,0.7313869,-0.8382721,-0.2958785,-0.3584827,0.5406861,-0.9755108,0.4172458,0.5563421,-0.2344295,0.5343039,0.7316,-0.762506,0.5604632,0.8960423,0.9255266,0.02021468,-0.1004058,0.3193977,0.1397284,-0.6296558,0.3456204,0.3774326,-0.6580658,-0.2966198,0.4687669,0.1720332,0.4840536,-0.1710669,0.1075693,0.7041953,-0.2636501,-0.9603956,-0.649384,-0.5337062,-0.9672649,0.652421,-0.174986,0.6275454,-0.5660334,-0.06410921,-0.9240112,0.411386,-0.4016525,-0.4198781,0.09445035,-0.03760922,0.8547173,0.7435632,0.4581322,-0.2948023,0.4228639,0.7123663,0.8251843,0.7881825,-0.4969124,-0.3884557,0.5452042,0.03666341,-0.2125181,-0.434646,-0.2752794,-0.02083552,0.7197833,0.7808065,-0.9587095,-0.3216006,0.3742873,0.07795823,-0.8057847,-0.7136176,0.8260357,0.8538105,-0.8119152,-0.3236865,-0.9509919,0.4841931,0.009196401,0.499135,0.17584,-0.5212209,-0.4118577,-0.2496055,-0.5434492,-0.8013821,-0.2116286,0.552604,0.5805147,-0.4471885,-0.9623907,0.5359058,-0.08405364,0.4809437,0.7336757,0.7752886,0.5035367,-0.215793,-0.1192213,-0.5027409,0.06745827,-0.4403073,-0.3250901,0.7766802,0.1525012,0.5887914,0.476073,-0.7090027,0.7133219,-0.4920965,0.4423761,0.4558248,-0.04146564,-0.6858702,0.2264608,0.7291195,-0.06116331,-0.5005322,0.6733551,-0.6212978,0.6023445,0.2971945,-0.8931329,0.2393671,0.5569839,-0.8589129,0.9022875,-0.9775352,-0.05504096,-0.02548206,0.202695,0.02387488,-0.09036958,0.01067269,-0.5318568,0.3169152,-0.2513698,-0.8890462,-0.8729649,0.003948331,0.4178602,-0.1949683,0.1636761,0.6481986,-0.8326814,-0.1609265,-0.3903326,0.08365071,0.3833818,-0.7105815,0.8724134,0.9340377,-0.3858033,0.5280888,-0.778388,-0.9055996,-0.1650871,-0.6242182,-0.8837202,-0.07824218,0.5062823,0.2249483,-0.7958348,-0.8740714,0.2942664,-0.5443728,0.5529275,-0.7775111,-0.2258521,0.9776683,-0.6121695,-0.6556406,-0.3363549,0.905803,0.5484452,-0.1605512,0.6637189,0.1762811,-0.06038129,-0.4020766,-0.0007306337,-0.9970438,0.9694512,-0.5497742,-0.8746645,0.176334,-0.8734839,-0.8777463,-0.5226507,0.9629498,-0.2526454,0.08751309,-0.1037847,-0.01179302,0.09721863,-0.5988574,0.1742522,0.9157398,-0.1002163,-0.3537482,-0.5455117,-0.9781945,0.7268212,-0.2879308,0.5551932,0.8643451,-0.5174074,-0.7174263,-0.6333835,0.3465512,-0.8721907,-0.1948651,-0.5785909,-0.502063,0.9553926,-0.132012,0.6925952,-0.6735027,0.4321871,-0.8575766,-0.2671031,-0.7021136,0.7143795,0.8432534,0.755347,-0.519222,0.4839692,0.04998362,0.5305359,-0.1865588,-0.3101801,0.190261,0.06164038,-0.7971628,0.4572706,-0.9736199,-0.9007926,0.5577335,0.2951081,-0.0005894899,0.6832821,-0.9645767,-0.1792773,0.01277936,-0.01678813,-0.639014,0.3183095,-0.9004245,0.8434565,0.4454343,0.06266868,-0.9116285,-0.4550329,0.4425816,0.2899983,-0.9137404,0.9721732,-0.0509969,-0.09063804,0.7302377,-0.3436333,-0.5103397,0.04156172,0.5422726,-0.1287507,-0.2971717,-0.9020779,0.0005816221,-0.116217,0.9856584,-0.6919115,0.5865123,0.1160299,0.9228337,-0.6902099,-0.2401665,0.5024245,-0.7262058,0.6492207,-0.234439,0.8713374,-0.3722245,0.7591867,0.1673583,0.9450321,0.9811678,0.6503808,0.7990568,0.05936515,-0.4119042,-0.6155992,0.8537331,0.01300085,-0.5048864,0.8256631,0.2026645,0.341398,0.4856181,-0.9322608,-0.8433199,-0.2896868,0.3431756,-0.21656,-0.01577866,-0.972667,-0.5456762,-0.02335107,-0.03290451,0.2843668,0.4158656,0.8430934,-0.121806,0.177267,-0.8573232,0.01444447,0.8591824,0.77529,-0.5341227,-0.8301852,-0.179006,-0.2991704,-0.3984944,0.1205586,0.6879706,-0.8039205,-0.8725507,-0.1211311,-0.05671847,-0.5825624,0.5353341,0.4792573,-0.5171878,0.2269083,-0.03222096,-0.5580337,-0.4353136,-0.483498,0.624768,0.4072509,0.4694998,0.9406407,0.1145979,-0.4257926,-0.05740178,-0.5049019,0.3438539,-0.8212698,0.2372655,-0.7034507,-0.6069896,-0.3074206,0.5558794,-0.7585533,-0.8160779,-0.8047304,0.0884856,-0.2695335,0.8164694,0.8625648,0.7880263,-0.8093898,0.7935245,0.1747335,-0.8363855,-0.8840599,0.4731457,-0.4463054,0.7034192,0.1426049,-0.9630656,-0.4977013,0.5857487,0.9849846,0.1666478,0.8479314,0.5240507,0.114839,-0.08227837,0.4327275,0.7930021,0.02709353,-0.6418626,0.1640252,0.5937879,-0.9834423,-0.06333411,-0.6523511,0.2689006,0.2205316,-0.4141766,0.9477971,-0.2861816,-0.09189308,0.1202267,-0.3500575,-0.7582059,-0.1043104,0.185629,-0.08192289,-0.4836422,-0.6066794,0.5050526,0.8836927,-0.6977868,-0.6429164,0.7314563,-0.9749351,-0.1036042,-0.04100144,0.463268,-0.6225505,-0.7132711,-0.8461947,0.1789123,-0.9749889,0.4173324,-0.74529,-0.905647,0.1563472,0.5290639,0.7220259,-0.4302899,-0.9608126,0.5191407,0.134534,0.5996871,-0.62397,-0.3866967,-0.0656873,-0.2661792,0.3748803,0.9521582,0.1003467,0.2623708,0.3493111,0.4386391,-0.8992507,0.09039271,-0.6103005,-0.376659,0.709249,0.7077966,0.1728719,0.9526765,-0.8607962,-0.09461677,0.03929174,0.01409924,-0.2895411,-0.8383391,-0.2571307,-0.9043469,0.864924,-0.7974074,-0.6050813,-0.6192293,0.2799768,0.6186998,-0.9575553,0.3578186,0.03277647,0.1967324,-0.03350437,-0.8332746,0.643142,-0.2844061,-0.1107818,0.8520513,-0.07970107,-0.8007977,0.3001287,-0.2644838,0.5243654,-0.5228643,-0.1608745,0.8529689,-0.3976995,0.217646,0.6884348,0.8678493,-0.3057829,0.8591318,-0.4609629,0.1395501,-0.5361886,-0.2690645,-0.1992136,0.3141484,0.234136,-0.554527,0.0197469,0.08371484,0.1752805,-0.2466472,-0.5085363,0.4470422,-0.4990429,-0.9244106,-0.7236285,0.02606905,-0.5148041,-0.2772988,-0.1031731,0.1354414,-0.4646505,-0.5740879,-0.4476031,0.889447,0.01953208,-0.6999199,0.3477566,0.6284847,0.08186877,0.3392579,-0.1400837,0.9801087,-0.06208932,-0.6725135,-0.8765428,0.7458816,0.3904657,0.3657839,-0.3607076,0.6710916,-0.6770923,-0.791353,0.04783618,0.4731185,0.2358955,-0.847455,0.6659095,0.2756915,0.4282593,0.5750072,-0.6282203,-0.8360956,-0.3386635,0.113938,-0.6769478,0.7256,0.9243445,0.1560491,-0.5751429,-0.610332,0.06018913,-0.09886611,0.08527029,0.1967307,0.8719263,-0.9405472,0.08326161,0.1148597,0.3911071,-0.4587754,0.2775621,-0.360242,0.1359948,-0.4646982,-0.2371727,0.7627094,0.9299347,-0.2981709,-0.4960734,-0.5914354,-0.2172889,0.6037903,-0.4623696,0.6495752,-0.3663563,-0.3344423,0.1842586,-0.7309563,-0.1395289,0.6731367,0.2485541,0.3674667,0.8360033,0.8127704,-0.3588992,-0.9929087,-0.2881464,0.6426511,0.3348999,0.2305835,-0.5225787,0.2149884,-0.6578653,0.1475383,-0.03820264,0.2724292,0.5147181,0.2964091,0.3055517,0.524853,-0.678211,0.8996682,0.5309582,-0.8251507,0.3813164,-0.6883762,0.01724732,0.02256978,-0.2406052,0.808598,0.1080376,-0.4293364,0.6801317,0.7450271,-0.8750794,0.2169346,-0.6787686,0.2749426,0.02423108,0.6985829,-0.2311326,0.5456693,0.7317526,-0.7416031,0.6613514,0.3104317,0.6733696,-0.9082136,0.8256085,-0.3940774,0.1175138,-0.2259263,0.7756653,-0.7560525,0.03337419,-0.03660476,0.7690334,-0.6728315,-0.9698968,0.4766345,0.1766762,-0.4133178,0.4406042,0.01596916,0.02721488,-0.1565601,-0.6975148,-0.2476271,0.6597233,0.7326329,-0.5354295,0.774091,-0.692697,0.6421225,-0.9556201,-0.8939652,-0.03307307,-0.1788975,0.4701121,0.04140556,-0.6025908,0.2916047,-0.456967,0.9081507,-0.583215,0.05068219,-0.2469569,-0.9109578,0.1363388,0.02539599,-0.8755124,0.8541033,0.1516777,0.006888986,0.9048858,-0.3609532,0.5314307,-0.8554039,0.4787833,0.1010696,0.2219802,0.08543479,0.7302692,-0.8929341,0.030141,0.06878078,-0.1014751,0.1686,0.345875,0.07049668,-0.7685041,0.2532787,-0.9570141,-0.1224269,0.9499238,0.9489286,-0.9352498,-0.4340984,-0.3951684,0.4896645,-0.5357363,-0.2913209,-0.1160661,0.4840681,-0.8188922,-0.4239544,0.6653769,-0.1219176,
-0.9587531,0.7087018,-0.6053293,0.1455649,0.8464568,-0.1069745,0.3856754,-0.9952669,0.4093208,-0.638176,-0.7418089,-0.9166298,-0.3538393,-0.04361522,0.1755358,0.5209737,-0.5955424,0.6563902,0.9522746,0.781183,0.7122536,0.9941838,0.1907154,-0.2970561,0.8874648,0.6900265,-0.3658017,-0.4779922,0.02267945,0.35626,0.8115487,-0.2985221,-0.2033676,0.2059778,0.5371444,0.930933,-0.8903797,-0.4784523,0.9531157,0.2122105,0.1414214,0.7282493,-0.1698571,0.5797715,0.879735,0.08454573,0.7812605,0.7575746,-0.9585366,-0.7604804,0.2017745,0.2469245,-0.6806443,-0.1743182,-0.6438353,-0.5020401,-0.5352678,-0.8321326,0.6738181,0.2300135,0.673414,0.97541,-0.3861905,-0.9655404,0.6819265,0.7611039,-0.5915332,-0.2497433,0.829937,0.8128128,0.2197648,-0.9885106,0.5675707,-0.7109618,-0.4728967,-0.7183652,0.6121187,-0.572171,-0.2659754,-0.1603411,-0.2803158,0.2815726,-0.5452812,-0.543267,0.4544623,-0.08302844,-0.444033,0.5241766,-0.9820869,0.8443425,0.4943847,0.5689423,0.5550709,0.9458966,0.8756976,0.7604487,-0.6981773,0.2179617,0.5037398,-0.4579569,0.9907818,0.8659978,0.01381505,-0.4008344,0.8163412,-0.7454753,-0.1850859,0.3564298,-0.2958289,0.009184241,-0.2211865,0.8326466,-0.6095984,0.5353482,0.6529055,0.9537907,-0.7158861,-0.4883999,0.747982,-0.04234302,0.1944929,0.3357956,-0.7366238,0.2264003,-0.08090365,-0.2593325,-0.06733096,-0.9004147,-0.009700894,-0.1202201,0.7191205,-0.844023,0.918375,0.4576153,-0.1309198,0.8140774,0.761404,0.9288175,0.1978329,-0.9342453,-0.0307194,-0.7350354,-0.8738325,-0.7722948,-0.7432294,0.5601504,0.5196004,0.8359513,-0.7514153,0.6569977,0.2455248,0.4848945,-0.05127561,0.8879199,-0.2906708,0.8887784,-0.9533942,0.7835023,0.5841553,0.5785697,0.6174946,0.9570882,0.6902373,-0.3795477,-0.1754788,-0.8267453,-0.2821823,0.08911788,0.8326771,0.2914259,0.8940632,-0.1055156,-0.6026065,0.3812103,-0.5815279,-0.8916914,-0.1271507,-0.2008132,0.8331182,-0.3763984,-0.9860492,-0.04912937,0.1418265,-0.5445256,0.1944839,-0.5571649,0.4436326,0.9376597,0.2939748,-0.219139,-0.5124922,-0.32506,-0.4694923,0.4368584,0.9912434,-0.6118693,0.8705454,-0.9713891,0.905364,-0.07705152,-0.05595148,0.6027312,-0.3229531,0.3726639,-0.8511646,0.5756412,-0.35191,0.498933,0.07710731,0.07181132,0.2414678,0.1876568,-0.4327785,-0.2553028,0.5873237,-0.3390223,0.6180177,0.3706374,-0.40969,-0.2593535,-0.9587064,0.5273316,-0.1094409,0.9706569,0.2407836,-0.2549127,-0.6817405,-0.7553363,-0.8873608,-0.2921864,-0.6089725,0.05308688,-0.08358014,-0.77918,-0.3077883,-0.806411,0.3162129,0.3794753,-0.800472,0.05042636,-0.1156443,-0.7915795,-0.07523119,-0.5948668,0.2462505,0.4018066,-0.6705513,0.1831237,-0.2543465,0.7261655,-0.525955,-0.9904325,0.5251808,0.5502939,-0.4168645,0.1973308,
-0.2315506,0.3235585,0.664295,
